1.000000000000000000e+00,1.999902553108555914e+00,2.999805106217111828e+00,3.999707659325667297e+00,4.999610212434223655e+00,5.999512765542778681e+00,6.999415318651334594e+00,7.999317871759890508e+00,8.999220424868447310e+00,9.999122977977002336e+00,1.099902553108555736e+01,1.199892808419411416e+01,1.299883063730266919e+01,1.399873319041122599e+01,1.499863574351978102e+01,1.599853829662833782e+01,1.699844084973689462e+01,1.799834340284544965e+01,1.899824595595400467e+01,1.999814850906255970e+01,2.099805106217111472e+01,2.199795361527967330e+01,2.299785616838822833e+01,2.399775872149678335e+01,2.499766127460533838e+01,2.599756382771389340e+01,2.699746638082245198e+01,2.799736893393100701e+01,2.899727148703956203e+01,2.999717404014811706e+01,3.099707659325667564e+01,3.199697914636523066e+01,3.299688169947378924e+01,3.399678425258234427e+01,3.499668680569089929e+01,3.599658935879945432e+01,3.699649191190800934e+01,3.799639446501656437e+01,3.899629701812511939e+01,3.999619957123367442e+01,4.099610212434222944e+01,4.199600467745078447e+01,4.299590723055934660e+01,4.399580978366790163e+01,4.499571233677645665e+01,4.599561488988501168e+01,4.699551744299356670e+01,4.799541999610212173e+01,4.899532254921067675e+01,4.999522510231923178e+01,5.099512765542778681e+01,5.199503020853634894e+01,5.299493276164490396e+01,5.399483531475345899e+01,5.499473786786201401e+01,5.599464042097056904e+01,5.699454297407912406e+01,5.799444552718767909e+01,5.899434808029623412e+01,5.999425063340478914e+01,6.099415318651335127e+01,6.199405573962190630e+01,6.299395829273046132e+01,6.399386084583901635e+01,6.499376339894757848e+01,6.599366595205613351e+01,6.699356850516468853e+01,6.799347105827324356e+01,6.899337361138179858e+01,6.999327616449035361e+01,7.099317871759890863e+01,7.199308127070746366e+01,7.299298382381601868e+01,7.399288637692457371e+01,7.499278893003312874e+01,7.599269148314168376e+01,7.699259403625023879e+01,7.799249658935879381e+01,7.899239914246734884e+01,7.999230169557590386e+01,8.099220424868445889e+01,8.199210680179301391e+01,8.299200935490156894e+01,8.399191190801013818e+01,8.499181446111869320e+01,8.599171701422724823e+01,8.699161956733580325e+01,8.799152212044435828e+01,8.899142467355291330e+01,8.999132722666146833e+01,9.099122977977002336e+01,9.199113233287857838e+01,9.299103488598713341e+01,9.399093743909568843e+01,9.499083999220424346e+01,9.599074254531279848e+01,9.699064509842135351e+01,9.799054765152990853e+01,9.899045020463846356e+01,9.999035275774701859e+01,1.009902553108555736e+02,1.019901578639641428e+02,1.029900604170726979e+02,1.039899629701812529e+02,1.049898655232898079e+02,1.059897680763983630e+02,1.069896706295069180e+02,1.079895731826154730e+02,1.089894757357240280e+02,1.099893782888325831e+02,1.109892808419411381e+02,1.119891833950496931e+02,1.129890859481582481e+02,1.139889885012668032e+02,1.149888910543753582e+02,1.159887936074839132e+02,1.169886961605924682e+02,1.179885987137010233e+02,1.189885012668095783e+02,1.199884038199181475e+02,1.209883063730267025e+02,1.219882089261352576e+02,1.229881114792438126e+02,1.239880140323523676e+02,1.249879165854609226e+02,1.259878191385694777e+02,1.269877216916780327e+02,1.279876242447865877e+02,1.289875267978951570e+02,1.299874293510036978e+02,1.309873319041122670e+02,1.319872344572208078e+02,1.329871370103293771e+02,1.339870395634379179e+02,1.349869421165464871e+02,1.359868446696550279e+02,1.369867472227635972e+02,1.379866497758721380e+02,1.389865523289807072e+02,1.399864548820892480e+02,1.409863574351978173e+02,1.419862599883063581e+02,1.429861625414149273e+02,1.439860650945234681e+02,1.449859676476320374e+02,1.459858702007405782e+02,1.469857727538491474e+02,1.479856753069577167e+02,1.489855778600662575e+02,1.499854804131748267e+02,1.509853829662833675e+02,1.519852855193919368e+02,1.529851880725004776e+02,1.539850906256090468e+02,1.549849931787175876e+02,1.559848957318261569e+02,1.569847982849346977e+02,1.579847008380432669e+02,1.589846033911518077e+02,1.599845059442603770e+02,1.609844084973689178e+02,1.619843110504774870e+02,1.629842136035860278e+02,1.639841161566945971e+02,1.649840187098031379e+02,1.659839212629117071e+02,1.669838238160202764e+02,1.679837263691288172e+02,1.689836289222373864e+02,1.699835314753459272e+02,1.709834340284544965e+02,1.719833365815630373e+02,1.729832391346716065e+02,1.739831416877801473e+02,1.749830442408887166e+02,1.759829467939972574e+02,1.769828493471058266e+02,1.779827519002143674e+02,1.789826544533229367e+02,1.799825570064314775e+02,1.809824595595400467e+02,1.819823621126485875e+02,1.829822646657571568e+02,1.839821672188657260e+02,1.849820697719742668e+02,1.859819723250828361e+02,1.869818748781913769e+02,1.879817774312999461e+02,1.889816799844084869e+02,1.899815825375170562e+02,1.909814850906255970e+02,1.919813876437341662e+02,1.929812901968427070e+02,1.939811927499512763e+02,1.949810953030598171e+02,1.959809978561683863e+02,1.969809004092769271e+02,1.979808029623854964e+02,1.989807055154940372e+02,1.999806080686026064e+02,2.009805106217111472e+02,2.019804131748197165e+02,2.029803157279282857e+02,2.039802182810368265e+02,2.049801208341453957e+02,2.059800233872539366e+02,2.069799259403625058e+02,2.079798284934710466e+02,2.089797310465796158e+02,2.099796335996881567e+02,2.109795361527967259e+02,2.119794387059052667e+02,2.129793412590138360e+02,2.139792438121223768e+02,2.149791463652309460e+02,2.159790489183394868e+02,2.169789514714480561e+02,2.179788540245565969e+02,2.189787565776651661e+02,2.199786591307737069e+02,2.209785616838822762e+02,2.219784642369908454e+02,2.229783667900993862e+02,2.239782693432079554e+02,2.249781718963164963e+02,2.259780744494250655e+02,2.269779770025336063e+02,2.279778795556421755e+02,2.289777821087507164e+02,2.299776846618592856e+02,2.309775872149678264e+02,2.319774897680763956e+02,2.329773923211849365e+02,2.339772948742935057e+02,2.349771974274020465e+02,2.359770999805106158e+02,2.369770025336191566e+02,2.379769050867277258e+02,2.389768076398362950e+02,2.399767101929448359e+02,2.409766127460534051e+02,2.419765152991619459e+02,2.429764178522705151e+02,2.439763204053790560e+02,2.449762229584876252e+02,2.459761255115961660e+02,2.469760280647047352e+02,2.479759306178132761e+02,2.489758331709218453e+02,2.499757357240303861e+02,2.509756382771389553e+02,2.519755408302474962e+02,2.529754433833560654e+02,2.539753459364646062e+02,2.549752484895731754e+02,2.559751510426817163e+02,2.569750535957903139e+02,2.579749561488988547e+02,2.589748587020073956e+02,2.599747612551159364e+02,2.609746638082245340e+02,2.619745663613330748e+02,2.629744689144416157e+02,2.639743714675501565e+02,2.649742740206587541e+02,2.659741765737672949e+02,2.669740791268758358e+02,2.679739816799843766e+02,2.689738842330929742e+02,2.699737867862015150e+02,2.709736893393100559e+02,2.719735918924185967e+02,2.729734944455271943e+02,2.739733969986357351e+02,2.749732995517442760e+02,2.759732021048528736e+02,2.769731046579614144e+02,2.779730072110699552e+02,2.789729097641784961e+02,2.799728123172870937e+02,2.809727148703956345e+02,2.819726174235041753e+02,2.829725199766127162e+02,2.839724225297213138e+02,2.849723250828298546e+02,2.859722276359383955e+02,2.869721301890469363e+02,2.879720327421555339e+02,2.889719352952640747e+02,2.899718378483726156e+02,2.909717404014811564e+02,2.919716429545897540e+02,2.929715455076982948e+02,2.939714480608068357e+02,2.949713506139154333e+02,2.959712531670239741e+02,2.969711557201325149e+02,2.979710582732410558e+02,2.989709608263496534e+02,2.999708633794581942e+02,3.009707659325667350e+02,3.019706684856752759e+02,3.029705710387838735e+02,3.039704735918924143e+02,3.049703761450009551e+02,3.059702786981094960e+02,3.069701812512180936e+02,3.079700838043266344e+02,3.089699863574351753e+02,3.099698889105437161e+02,3.109697914636523137e+02,3.119696940167608545e+02,3.129695965698693954e+02,3.139694991229779930e+02,3.149694016760865338e+02,3.159693042291950746e+02,3.169692067823036155e+02,3.179691093354122131e+02,3.189690118885207539e+02,3.199689144416292947e+02,3.209688169947378356e+02,3.219687195478464332e+02,3.229686221009549740e+02,3.239685246540635148e+02,3.249684272071720557e+02,3.259683297602806533e+02,3.269682323133891941e+02,3.279681348664977349e+02,3.289680374196062758e+02,3.299679399727148734e+02,3.309678425258234142e+02,3.319677450789319550e+02,3.329676476320405527e+02,3.339675501851490935e+02,3.349674527382576343e+02,3.359673552913661752e+02,3.369672578444747728e+02,3.379671603975833136e+02,3.389670629506918544e+02,3.399669655038003953e+02,3.409668680569089929e+02,3.419667706100175337e+02,3.429666731631260745e+02,3.439665757162346154e+02,3.449664782693432130e+02,3.459663808224517538e+02,3.469662833755602946e+02,3.479661859286688355e+02,3.489660884817774331e+02,3.499659910348859739e+02,3.509658935879945147e+02,3.519657961411031124e+02,3.529656986942116532e+02,3.539656012473201940e+02,3.549655038004287348e+02,3.559654063535373325e+02,3.569653089066458733e+02,3.579652114597544141e+02,3.589651140128629550e+02,3.599650165659715526e+02,3.609649191190800934e+02,3.619648216721886342e+02,3.629647242252971751e+02,3.639646267784057727e+02,3.649645293315143135e+02,3.659644318846228543e+02,3.669643344377314520e+02,3.679642369908399928e+02,3.689641395439485336e+02,3.699640420970570744e+02,3.709639446501656721e+02,3.719638472032742129e+02,3.729637497563827537e+02,3.739636523094912945e+02,3.749635548625998922e+02,3.759634574157084330e+02,3.769633599688169738e+02,3.779632625219255146e+02,3.789631650750341123e+02,3.799630676281426531e+02,3.809629701812511939e+02,3.819628727343597347e+02,3.829627752874683324e+02,3.839626778405768732e+02,3.849625803936854140e+02,3.859624829467940117e+02,3.869623854999025525e+02,3.879622880530110933e+02,3.889621906061196341e+02,3.899620931592282318e+02,3.909619957123367726e+02,3.919618982654453134e+02,3.929618008185538542e+02,3.939617033716624519e+02,3.949616059247709927e+02,3.959615084778795335e+02,3.969614110309880743e+02,3.979613135840966720e+02,3.989612161372052128e+02,3.999611186903137536e+02,4.009610212434222944e+02,4.019609237965308921e+02,4.029608263496394329e+02,4.039607289027479737e+02,4.049606314558565714e+02,4.059605340089651122e+02,4.069604365620736530e+02,4.079603391151821938e+02,4.089602416682907915e+02,4.099601442213993323e+02,4.109600467745078731e+02,4.119599493276164139e+02,4.129598518807250116e+02,4.139597544338335524e+02,4.149596569869420932e+02,4.159595595400506340e+02,4.169594620931592317e+02,4.179593646462677725e+02,4.189592671993763133e+02,4.199591697524848541e+02,4.209590723055934518e+02,4.219589748587019926e+02,4.229588774118105334e+02,4.239587799649191311e+02,4.249586825180276719e+02,4.259585850711362127e+02,4.269584876242447535e+02,4.279583901773533512e+02,4.289582927304618920e+02,4.299581952835704328e+02,4.309580978366789736e+02,4.319580003897875713e+02,4.329579029428961121e+02,4.339578054960046529e+02,4.349577080491131937e+02,4.359576106022217914e+02,4.369575131553303322e+02,4.379574157084388730e+02,4.389573182615474138e+02,4.399572208146560115e+02,4.409571233677645523e+02,4.419570259208730931e+02,4.429569284739816908e+02,4.439568310270902316e+02,4.449567335801987724e+02,4.459566361333073132e+02,4.469565386864159109e+02,4.479564412395244517e+02,4.489563437926329925e+02,4.499562463457415333e+02,4.509561488988501310e+02,4.519560514519586718e+02,4.529559540050672126e+02,4.539558565581757534e+02,4.549557591112843511e+02,4.559556616643928919e+02,4.569555642175014327e+02,4.579554667706099735e+02,4.589553693237185712e+02,4.599552718768271120e+02,4.609551744299356528e+02,4.619550769830442505e+02,4.629549795361527913e+02,4.639548820892613321e+02,4.649547846423698729e+02,4.659546871954784706e+02,4.669545897485870114e+02,4.679544923016955522e+02,4.689543948548040930e+02,4.699542974079126907e+02,4.709541999610212315e+02,4.719541025141297723e+02,4.729540050672383131e+02,4.739539076203469108e+02,4.749538101734554516e+02,4.759537127265639924e+02,4.769536152796725901e+02,4.779535178327811309e+02,4.789534203858896717e+02,4.799533229389982125e+02,4.809532254921068102e+02,4.819531280452153510e+02,4.829530305983238918e+02,4.839529331514324326e+02,4.849528357045410303e+02,4.859527382576495711e+02,4.869526408107581119e+02,4.879525433638666527e+02,4.889524459169752504e+02,4.899523484700837912e+02,4.909522510231923320e+02,4.919521535763008728e+02,4.929520561294094705e+02,4.939519586825180113e+02,4.949518612356265521e+02,4.959517637887351498e+02,4.969516663418436906e+02,4.979515688949522314e+02,4.989514714480607722e+02,4.999513740011693699e+02,5.009512765542779107e+02,5.019511791073864515e+02,5.029510816604949923e+02,5.039509842136035900e+02,5.049508867667121308e+02,5.059507893198206716e+02,5.069506918729292124e+02,5.079505944260378101e+02,5.089504969791463509e+02,5.099503995322548917e+02,5.109503020853634325e+02,5.119502046384720302e+02,5.129501071915806278e+02,5.139500097446891687e+02,5.149499122977977095e+02,5.159498148509062503e+02,5.169497174040147911e+02,5.179496199571233319e+02,5.189495225102318727e+02,5.199494250633404135e+02,5.209493276164490680e+02,5.219492301695576089e+02,5.229491327226661497e+02,5.239490352757746905e+02,5.249489378288832313e+02,5.259488403819917721e+02,5.269487429351003129e+02,5.279486454882088537e+02,5.289485480413175083e+02,5.299484505944260491e+02,5.309483531475345899e+02,5.319482557006431307e+02,5.329481582537516715e+02,5.339480608068602123e+02,5.349479633599687531e+02,5.359478659130774076e+02,5.369477684661859485e+02,5.379476710192944893e+02,5.389475735724030301e+02,5.399474761255115709e+02,5.409473786786201117e+02,5.419472812317286525e+02,5.429471837848371933e+02,5.439470863379458478e+02,5.449469888910543887e+02,5.459468914441629295e+02,5.469467939972714703e+02,5.479466965503800111e+02,5.489465991034885519e+02,5.499465016565970927e+02,5.509464042097057472e+02,5.519463067628142880e+02,5.529462093159228289e+02,5.539461118690313697e+02,5.549460144221399105e+02,5.559459169752484513e+02,5.569458195283569921e+02,5.579457220814655329e+02,5.589456246345741874e+02,5.599455271876827283e+02,5.609454297407912691e+02,5.619453322938998099e+02,5.629452348470083507e+02,5.639451374001168915e+02,5.649450399532254323e+02,5.659449425063339731e+02,5.669448450594426276e+02,5.679447476125511685e+02,5.689446501656597093e+02,5.699445527187682501e+02,5.709444552718767909e+02,5.719443578249853317e+02,5.729442603780938725e+02,5.739441629312025270e+02,5.749440654843110678e+02,5.759439680374196087e+02,5.769438705905281495e+02,5.779437731436366903e+02,5.789436756967452311e+02,5.799435782498537719e+02,5.809434808029623127e+02,5.819433833560709672e+02,5.829432859091795081e+02,5.839431884622880489e+02,5.849430910153965897e+02,5.859429935685051305e+02,5.869428961216136713e+02,5.879427986747222121e+02,5.889427012278308666e+02,5.899426037809394074e+02,5.909425063340479483e+02,5.919424088871564891e+02,5.929423114402650299e+02,5.939422139933735707e+02,5.949421165464821115e+02,5.959420190995906523e+02,5.969419216526993068e+02,5.979418242058078476e+02,5.989417267589163885e+02,5.999416293120249293e+02,6.009415318651334701e+02,6.019414344182420109e+02,6.029413369713505517e+02,6.039412395244590925e+02,6.049411420775677470e+02,6.059410446306762879e+02,6.069409471837848287e+02,6.079408497368933695e+02,6.089407522900019103e+02,6.099406548431104511e+02,6.109405573962189919e+02,6.119404599493276464e+02,6.129403625024361872e+02,6.139402650555447281e+02,6.149401676086532689e+02,6.159400701617618097e+02,6.169399727148703505e+02,6.179398752679788913e+02,6.189397778210874321e+02,6.199396803741960866e+02,6.209395829273046274e+02,6.219394854804131683e+02,6.229393880335217091e+02,6.239392905866302499e+02,6.249391931397387907e+02,6.259390956928473315e+02,6.269389982459559860e+02,6.279389007990645268e+02,6.289388033521730677e+02,6.299387059052816085e+02,6.309386084583901493e+02,6.319385110114986901e+02,6.329384135646072309e+02,6.339383161177157717e+02,6.349382186708244262e+02,6.359381212239329670e+02,6.369380237770415079e+02,6.379379263301500487e+02,6.389378288832585895e+02,6.399377314363671303e+02,6.409376339894756711e+02,6.419375365425843256e+02,6.429374390956928664e+02,6.439373416488014072e+02,6.449372442019099481e+02,6.459371467550184889e+02,6.469370493081270297e+02,6.479369518612355705e+02,6.489368544143441113e+02,6.499367569674527658e+02,6.509366595205613066e+02,6.519365620736698475e+02,6.529364646267783883e+02,6.539363671798869291e+02,6.549362697329954699e+02,6.559361722861040107e+02,6.569360748392125515e+02,6.579359773923212060e+02,6.589358799454297468e+02,6.599357824985382877e+02,6.609356850516468285e+02,6.619355876047553693e+02,6.629354901578639101e+02,6.639353927109724509e+02,6.649352952640811054e+02,6.659351978171896462e+02,6.669351003702981870e+02,6.679350029234067279e+02,6.689349054765152687e+02,6.699348080296238095e+02,6.709347105827323503e+02,6.719346131358408911e+02,6.729345156889495456e+02,6.739344182420580864e+02,6.749343207951666272e+02,6.759342233482751681e+02,6.769341259013837089e+02,6.779340284544922497e+02,6.789339310076007905e+02,6.799338335607094450e+02,6.809337361138179858e+02,6.819336386669265266e+02,6.829335412200350675e+02,6.839334437731436083e+02,6.849333463262521491e+02,6.859332488793606899e+02,6.869331514324692307e+02,6.879330539855778852e+02,6.889329565386864260e+02,6.899328590917949668e+02,6.909327616449035077e+02,6.919326641980120485e+02,6.929325667511205893e+02,6.939324693042291301e+02,6.949323718573376709e+02,6.959322744104463254e+02,6.969321769635548662e+02,6.979320795166634070e+02,6.989319820697719479e+02,6.999318846228804887e+02,7.009317871759890295e+02,7.019316897290975703e+02,7.029315922822062248e+02,7.039314948353147656e+02,7.049313973884233064e+02,7.059312999415318473e+02,7.069312024946403881e+02,7.079311050477489289e+02,7.089310076008574697e+02,7.099309101539660105e+02,7.109308127070746650e+02,7.119307152601832058e+02,7.129306178132917466e+02,7.139305203664002875e+02,7.149304229195088283e+02,7.159303254726173691e+02,7.169302280257259099e+02,7.179301305788345644e+02,7.189300331319431052e+02,7.199299356850516460e+02,7.209298382381601868e+02,7.219297407912687277e+02,7.229296433443772685e+02,7.239295458974858093e+02,7.249294484505943501e+02,7.259293510037030046e+02,7.269292535568115454e+02,7.279291561099200862e+02,7.289290586630286271e+02,7.299289612161371679e+02,7.309288637692457087e+02,7.319287663223542495e+02,7.329286688754629040e+02,7.339285714285714448e+02,7.349284739816799856e+02,7.359283765347885264e+02,7.369282790878970673e+02,7.379281816410056081e+02,7.389280841941141489e+02,7.399279867472226897e+02,7.409278893003313442e+02,7.419277918534398850e+02,7.429276944065484258e+02,7.439275969596569666e+02,7.449274995127655075e+02,7.459274020658740483e+02,7.469273046189825891e+02,7.479272071720911299e+02,7.489271097251997844e+02,7.499270122783083252e+02,7.509269148314168660e+02,7.519268173845254069e+02,7.529267199376339477e+02,7.539266224907424885e+02,7.549265250438510293e+02,7.559264275969596838e+02,7.569263301500682246e+02,7.579262327031767654e+02,7.589261352562853062e+02,7.599260378093938471e+02,7.609259403625023879e+02,7.619258429156109287e+02,7.629257454687194695e+02,7.639256480218281240e+02,7.649255505749366648e+02,7.659254531280452056e+02,7.669253556811537464e+02,7.679252582342622873e+02,7.689251607873708281e+02,7.699250633404793689e+02,7.709249658935880234e+02,7.719248684466965642e+02,7.729247709998051050e+02,7.739246735529136458e+02,7.749245761060221867e+02,7.759244786591307275e+02,7.769243812122392683e+02,7.779242837653478091e+02,7.789241863184564636e+02,7.799240888715650044e+02,7.809239914246735452e+02,7.819238939777820860e+02,7.829237965308906269e+02,7.839236990839991677e+02,7.849236016371077085e+02,7.859235041902162493e+02,7.869234067433249038e+02,7.879233092964334446e+02,7.889232118495419854e+02,7.899231144026505262e+02,7.909230169557590671e+02,7.919229195088676079e+02,7.929228220619761487e+02,7.939227246150848032e+02,7.949226271681933440e+02,7.959225297213018848e+02,7.969224322744104256e+02,7.979223348275189664e+02,7.989222373806275073e+02,7.999221399337360481e+02,8.009220424868445889e+02,8.019219450399532434e+02,8.029218475930617842e+02,8.039217501461703250e+02,8.049216526992788658e+02,8.059215552523874067e+02,8.069214578054959475e+02,8.079213603586044883e+02,8.089212629117131428e+02,8.099211654648216836e+02,8.109210680179302244e+02,8.119209705710387652e+02,8.129208731241473060e+02,8.139207756772558469e+02,8.149206782303643877e+02,8.159205807834729285e+02,8.169204833365815830e+02,8.179203858896901238e+02,8.189202884427986646e+02,8.199201909959072054e+02,8.209200935490157462e+02,8.219199961021242871e+02,8.229198986552328279e+02,8.239198012083414824e+02,8.249197037614500232e+02,8.259196063145585640e+02,8.269195088676671048e+02,8.279194114207756456e+02,8.289193139738841865e+02,8.299192165269927273e+02,8.309191190801012681e+02,8.319190216332099226e+02,8.329189241863184634e+02,8.339188267394270042e+02,8.349187292925355450e+02,8.359186318456440858e+02,8.369185343987526267e+02,8.379184369518611675e+02,8.389183395049697083e+02,8.399182420580783628e+02,8.409181446111869036e+02,8.419180471642954444e+02,8.429179497174039852e+02,8.439178522705125260e+02,8.449177548236210669e+02,8.459176573767296077e+02,8.469175599298382622e+02,8.479174624829468030e+02,8.489173650360553438e+02,8.499172675891638846e+02,8.509171701422724254e+02,8.519170726953809663e+02,8.529169752484895071e+02,8.539168778015980479e+02,8.549167803547067024e+02,8.559166829078152432e+02,8.569165854609237840e+02,8.579164880140323248e+02,8.589163905671408656e+02,8.599162931202494065e+02,8.609161956733579473e+02,8.619160982264666018e+02,8.629160007795751426e+02,8.639159033326836834e+02,8.649158058857922242e+02,8.659157084389007650e+02,8.669156109920093058e+02,8.679155135451178467e+02,8.689154160982263875e+02,8.699153186513350420e+02,8.709152212044435828e+02,8.719151237575521236e+02,8.729150263106606644e+02,8.739149288637692052e+02,8.749148314168777461e+02,8.759147339699862869e+02,8.769146365230948277e+02,8.779145390762034822e+02,8.789144416293120230e+02,8.799143441824205638e+02,8.809142467355291046e+02,8.819141492886376454e+02,8.829140518417461863e+02,8.839139543948547271e+02,8.849138569479633816e+02,8.859137595010719224e+02,8.869136620541804632e+02,8.879135646072890040e+02,8.889134671603975448e+02,8.899133697135060856e+02,8.909132722666146265e+02,8.919131748197231673e+02,8.929130773728318218e+02,8.939129799259403626e+02,8.949128824790489034e+02,8.959127850321574442e+02,8.969126875852659850e+02,8.979125901383745258e+02,8.989124926914830667e+02,8.999123952445917212e+02,9.009122977977002620e+02,9.019122003508088028e+02,9.029121029039173436e+02,9.039120054570258844e+02,9.049119080101344252e+02,9.059118105632429661e+02,9.069117131163515069e+02,9.079116156694601614e+02,9.089115182225687022e+02,9.099114207756772430e+02,9.109113233287857838e+02,9.119112258818943246e+02,9.129111284350028654e+02,9.139110309881114063e+02,9.149109335412199471e+02,9.159108360943286016e+02,9.169107386474371424e+02,9.179106412005456832e+02,9.189105437536542240e+02,9.199104463067627648e+02,9.209103488598713056e+02,9.219102514129798465e+02,9.229101539660885010e+02,9.239100565191970418e+02,9.249099590723055826e+02,9.259098616254141234e+02,9.269097641785226642e+02,9.279096667316312050e+02,9.289095692847397459e+02,9.299094718378482867e+02,9.309093743909569412e+02,9.319092769440654820e+02,9.329091794971740228e+02,9.339090820502825636e+02,9.349089846033911044e+02,9.359088871564996452e+02,9.369087897096081861e+02,9.379086922627168406e+02,9.389085948158253814e+02,9.399084973689339222e+02,9.409083999220424630e+02,9.419083024751510038e+02,9.429082050282595446e+02,9.439081075813680854e+02,9.449080101344766263e+02,9.459079126875852808e+02,9.469078152406938216e+02,9.479077177938023624e+02,9.489076203469109032e+02,9.499075229000194440e+02,9.509074254531279848e+02,9.519073280062365257e+02,9.529072305593451802e+02,9.539071331124537210e+02,9.549070356655622618e+02,9.559069382186708026e+02,9.569068407717793434e+02,9.579067433248878842e+02,9.589066458779964250e+02,9.599065484311049659e+02,9.609064509842136204e+02,9.619063535373221612e+02,9.629062560904307020e+02,9.639061586435392428e+02,9.649060611966477836e+02,9.659059637497563244e+02,9.669058663028648652e+02,9.679057688559734061e+02,9.689056714090820606e+02,9.699055739621906014e+02,9.709054765152991422e+02,9.719053790684076830e+02,9.729052816215162238e+02,9.739051841746247646e+02,9.749050867277333055e+02,9.759049892808419600e+02,9.769048918339505008e+02,9.779047943870590416e+02,9.789046969401675824e+02,9.799045994932761232e+02,9.809045020463846640e+02,9.819044045994932048e+02,9.829043071526017457e+02,9.839042097057104002e+02,9.849041122588189410e+02,9.859040148119274818e+02,9.869039173650360226e+02,9.879038199181445634e+02,9.889037224712531042e+02,9.899036250243616450e+02,9.909035275774702995e+02,9.919034301305788404e+02,9.929033326836873812e+02,9.939032352367959220e+02,9.949031377899044628e+02,9.959030403430130036e+02,9.969029428961215444e+02,9.979028454492300853e+02,9.989027480023387398e+02,9.999026505554472806e+02,1.000902553108555821e+03,1.001902455661664362e+03,1.002902358214772903e+03,1.003902260767881444e+03,1.004902163320989985e+03,1.005902065874098525e+03,1.006901968427207180e+03,1.007901870980315721e+03,1.008901773533424262e+03,1.009901676086532802e+03,1.010901578639641343e+03,1.011901481192749884e+03,1.012901383745858425e+03,1.013901286298967079e+03,1.014901188852075620e+03,1.015901091405184161e+03,1.016900993958292702e+03,1.017900896511401243e+03,1.018900799064509783e+03,1.019900701617618324e+03,1.020900604170726865e+03,1.021900506723835520e+03,1.022900409276944060e+03,1.023900311830052601e+03,1.024900214383161256e+03,1.025900116936269796e+03,1.026900019489378337e+03,1.027899922042486878e+03,1.028899824595595419e+03,1.029899727148703960e+03,1.030899629701812501e+03,1.031899532254921041e+03,1.032899434808029582e+03,1.033899337361138123e+03,1.034899239914246664e+03,1.035899142467355205e+03,1.036899045020463745e+03,1.037898947573572286e+03,1.038898850126680827e+03,1.039898752679789368e+03,1.040898655232898136e+03,1.041898557786006677e+03,1.042898460339115218e+03,1.043898362892223759e+03,1.044898265445332299e+03,1.045898167998440840e+03,1.046898070551549381e+03,1.047897973104657922e+03,1.048897875657766463e+03,1.049897778210875003e+03,1.050897680763983544e+03,1.051897583317092085e+03,1.052897485870200626e+03,1.053897388423309167e+03,1.054897290976417707e+03,1.055897193529526476e+03,1.056897096082635017e+03,1.057896998635743557e+03,1.058896901188852098e+03,1.059896803741960639e+03,1.060896706295069180e+03,1.061896608848177721e+03,1.062896511401286261e+03,1.063896413954394802e+03,1.064896316507503343e+03,1.065896219060611884e+03,1.066896121613720425e+03,1.067896024166828965e+03,1.068895926719937506e+03,1.069895829273046047e+03,1.070895731826154815e+03,1.071895634379263356e+03,1.072895536932371897e+03,1.073895439485480438e+03,1.074895342038588979e+03,1.075895244591697519e+03,1.076895147144806060e+03,1.077895049697914601e+03,1.078894952251023142e+03,1.079894854804131683e+03,1.080894757357240223e+03,1.081894659910348764e+03,1.082894562463457305e+03,1.083894465016565846e+03,1.084894367569674387e+03,1.085894270122783155e+03,1.086894172675891696e+03,1.087894075229000237e+03,1.088893977782108777e+03,1.089893880335217318e+03,1.090893782888325859e+03,1.091893685441434400e+03,1.092893587994542941e+03,1.093893490547651481e+03,1.094893393100760022e+03,1.095893295653868563e+03,1.096893198206977104e+03,1.097893100760085645e+03,1.098893003313194185e+03,1.099892905866302726e+03,1.100892808419411494e+03,1.101892710972520035e+03,1.102892613525628576e+03,1.103892516078737117e+03,1.104892418631845658e+03,1.105892321184954199e+03,1.106892223738062739e+03,1.107892126291171280e+03,1.108892028844279821e+03,1.109891931397388362e+03,1.110891833950496903e+03,1.111891736503605443e+03,1.112891639056713984e+03,1.113891541609822525e+03,1.114891444162931066e+03,1.115891346716039607e+03,1.116891249269148375e+03,1.117891151822256916e+03,1.118891054375365457e+03,1.119890956928473997e+03,1.120890859481582538e+03,1.121890762034691079e+03,1.122890664587799620e+03,1.123890567140908161e+03,1.124890469694016701e+03,1.125890372247125242e+03,1.126890274800233783e+03,1.127890177353342324e+03,1.128890079906450865e+03,1.129889982459559405e+03,1.130889885012667946e+03,1.131889787565776714e+03,1.132889690118885255e+03,1.133889592671993796e+03,1.134889495225102337e+03,1.135889397778210878e+03,1.136889300331319419e+03,1.137889202884427959e+03,1.138889105437536500e+03,1.139889007990645041e+03,1.140888910543753582e+03,1.141888813096862123e+03,1.142888715649970663e+03,1.143888618203079204e+03,1.144888520756187745e+03,1.145888423309296286e+03,1.146888325862405054e+03,1.147888228415513595e+03,1.148888130968622136e+03,1.149888033521730677e+03,1.150887936074839217e+03,1.151887838627947758e+03,1.152887741181056299e+03,1.153887643734164840e+03,1.154887546287273381e+03,1.155887448840381921e+03,1.156887351393490462e+03,1.157887253946599003e+03,1.158887156499707544e+03,1.159887059052816085e+03,1.160886961605924625e+03,1.161886864159033394e+03,1.162886766712141934e+03,1.163886669265250475e+03,1.164886571818359016e+03,1.165886474371467557e+03,1.166886376924576098e+03,1.167886279477684639e+03,1.168886182030793179e+03,1.169886084583901720e+03,1.170885987137010261e+03,1.171885889690118802e+03,1.172885792243227343e+03,1.173885694796335883e+03,1.174885597349444424e+03,1.175885499902552965e+03,1.176885402455661733e+03,1.177885305008770274e+03,1.178885207561878815e+03,1.179885110114987356e+03,1.180885012668095897e+03,1.181884915221204437e+03,1.182884817774312978e+03,1.183884720327421519e+03,1.184884622880530060e+03,1.185884525433638601e+03,1.186884427986747141e+03,1.187884330539855682e+03,1.188884233092964223e+03,1.189884135646072764e+03,1.190884038199181305e+03,1.191883940752290073e+03,1.192883843305398614e+03,1.193883745858507154e+03,1.194883648411615695e+03,1.195883550964724236e+03,1.196883453517832777e+03,1.197883356070941318e+03,1.198883258624049859e+03,1.199883161177158399e+03,1.200883063730266940e+03,1.201882966283375481e+03,1.202882868836484022e+03,1.203882771389592563e+03,1.204882673942701103e+03,1.205882576495809644e+03,1.206882479048918185e+03,1.207882381602026953e+03,1.208882284155135494e+03,1.209882186708244035e+03,1.210882089261352576e+03,1.211881991814461117e+03,1.212881894367569657e+03,1.213881796920678198e+03,1.214881699473786739e+03,1.215881602026895280e+03,1.216881504580003821e+03,1.217881407133112361e+03,1.218881309686220902e+03,1.219881212239329443e+03,1.220881114792437984e+03,1.221881017345546525e+03,1.222880919898655293e+03,1.223880822451763834e+03,1.224880725004872374e+03,1.225880627557980915e+03,1.226880530111089456e+03,1.227880432664197997e+03,1.228880335217306538e+03,1.229880237770415079e+03,1.230880140323523619e+03,1.231880042876632160e+03,1.232879945429740701e+03,1.233879847982849242e+03,1.234879750535957783e+03,1.235879653089066323e+03,1.236879555642174864e+03,1.237879458195283632e+03,1.238879360748392173e+03,1.239879263301500714e+03,1.240879165854609255e+03,1.241879068407717796e+03,1.242878970960826337e+03,1.243878873513934877e+03,1.244878776067043418e+03,1.245878678620151959e+03,1.246878581173260500e+03,1.247878483726369041e+03,1.248878386279477581e+03,1.249878288832586122e+03,1.250878191385694663e+03,1.251878093938803204e+03,1.252877996491911972e+03,1.253877899045020513e+03,1.254877801598129054e+03,1.255877704151237594e+03,1.256877606704346135e+03,1.257877509257454676e+03,1.258877411810563217e+03,1.259877314363671758e+03,1.260877216916780299e+03,1.261877119469888839e+03,1.262877022022997380e+03,1.263876924576105921e+03,1.264876827129214462e+03,1.265876729682323003e+03,1.266876632235431543e+03,1.267876534788540312e+03,1.268876437341648852e+03,1.269876339894757393e+03,1.270876242447865934e+03,1.271876145000974475e+03,1.272876047554083016e+03,1.273875950107191557e+03,1.274875852660300097e+03,1.275875755213408638e+03,1.276875657766517179e+03,1.277875560319625720e+03,1.278875462872734261e+03,1.279875365425842801e+03,1.280875267978951342e+03,1.281875170532059883e+03,1.282875073085168651e+03,1.283874975638277192e+03,1.284874878191385733e+03,1.285874780744494274e+03,1.286874683297602814e+03,1.287874585850711355e+03,1.288874488403819896e+03,1.289874390956928437e+03,1.290874293510036978e+03,1.291874196063145519e+03,1.292874098616254059e+03,1.293874001169362600e+03,1.294873903722471141e+03,1.295873806275579682e+03,1.296873708828688223e+03,1.297873611381796763e+03,1.298873513934905532e+03,1.299873416488014072e+03,1.300873319041122613e+03,1.301873221594231154e+03,1.302873124147339695e+03,1.303873026700448236e+03,1.304872929253556777e+03,1.305872831806665317e+03,1.306872734359773858e+03,1.307872636912882399e+03,1.308872539465990940e+03,1.309872442019099481e+03,1.310872344572208021e+03,1.311872247125316562e+03,1.312872149678425103e+03,1.313872052231533871e+03,1.314871954784642412e+03,1.315871857337750953e+03,1.316871759890859494e+03,1.317871662443968034e+03,1.318871564997076575e+03,1.319871467550185116e+03,1.320871370103293657e+03,1.321871272656402198e+03,1.322871175209510739e+03,1.323871077762619279e+03,1.324870980315727820e+03,1.325870882868836361e+03,1.326870785421944902e+03,1.327870687975053443e+03,1.328870590528162211e+03,1.329870493081270752e+03,1.330870395634379292e+03,1.331870298187487833e+03,1.332870200740596374e+03,1.333870103293704915e+03,1.334870005846813456e+03,1.335869908399921997e+03,1.336869810953030537e+03,1.337869713506139078e+03,1.338869616059247619e+03,1.339869518612356160e+03,1.340869421165464701e+03,1.341869323718573241e+03,1.342869226271681782e+03,1.343869128824790550e+03,1.344869031377899091e+03,1.345868933931007632e+03,1.346868836484116173e+03,1.347868739037224714e+03,1.348868641590333254e+03,1.349868544143441795e+03,1.350868446696550336e+03,1.351868349249658877e+03,1.352868251802767418e+03,1.353868154355875959e+03,1.354868056908984499e+03,1.355867959462093040e+03,1.356867862015201581e+03,1.357867764568310122e+03,1.358867667121418890e+03,1.359867569674527431e+03,1.360867472227635972e+03,1.361867374780744512e+03,1.362867277333853053e+03,1.363867179886961594e+03,1.364867082440070135e+03,1.365866984993178676e+03,1.366866887546287217e+03,1.367866790099395757e+03,1.368866692652504298e+03,1.369866595205612839e+03,1.370866497758721380e+03,1.371866400311829921e+03,1.372866302864938461e+03,1.373866205418047230e+03,1.374866107971155770e+03,1.375866010524264311e+03,1.376865913077372852e+03,1.377865815630481393e+03,1.378865718183589934e+03,1.379865620736698475e+03,1.380865523289807015e+03,1.381865425842915556e+03,1.382865328396024097e+03,1.383865230949132638e+03,1.384865133502241179e+03,1.385865036055349719e+03,1.386864938608458260e+03,1.387864841161566801e+03,1.388864743714675342e+03,1.389864646267784110e+03,1.390864548820892651e+03,1.391864451374001192e+03,1.392864353927109732e+03,1.393864256480218273e+03,1.394864159033326814e+03,1.395864061586435355e+03,1.396863964139543896e+03,1.397863866692652437e+03,1.398863769245760977e+03,1.399863671798869518e+03,1.400863574351978059e+03,1.401863476905086600e+03,1.402863379458195141e+03,1.403863282011303681e+03,1.404863184564412450e+03,1.405863087117520990e+03,1.406862989670629531e+03,1.407862892223738072e+03,1.408862794776846613e+03,1.409862697329955154e+03,1.410862599883063695e+03,1.411862502436172235e+03,1.412862404989280776e+03,1.413862307542389317e+03,1.414862210095497858e+03,1.415862112648606399e+03,1.416862015201714939e+03,1.417861917754823480e+03,1.418861820307932021e+03,1.419861722861040789e+03,1.420861625414149330e+03,1.421861527967257871e+03,1.422861430520366412e+03,1.423861333073474952e+03,1.424861235626583493e+03,1.425861138179692034e+03,1.426861040732800575e+03,1.427860943285909116e+03,1.428860845839017657e+03,1.429860748392126197e+03,1.430860650945234738e+03,1.431860553498343279e+03,1.432860456051451820e+03,1.433860358604560361e+03,1.434860261157669129e+03,1.435860163710777670e+03,1.436860066263886210e+03,1.437859968816994751e+03,1.438859871370103292e+03,1.439859773923211833e+03,1.440859676476320374e+03,1.441859579029428915e+03,1.442859481582537455e+03,1.443859384135645996e+03,1.444859286688754537e+03,1.445859189241863078e+03,1.446859091794971619e+03,1.447858994348080159e+03,1.448858896901188700e+03,1.449858799454297468e+03,1.450858702007406009e+03,1.451858604560514550e+03,1.452858507113623091e+03,1.453858409666731632e+03,1.454858312219840172e+03,1.455858214772948713e+03,1.456858117326057254e+03,1.457858019879165795e+03,1.458857922432274336e+03,1.459857824985382877e+03,1.460857727538491417e+03,1.461857630091599958e+03,1.462857532644708499e+03,1.463857435197817040e+03,1.464857337750925808e+03,1.465857240304034349e+03,1.466857142857142890e+03,1.467857045410251430e+03,1.468856947963359971e+03,1.469856850516468512e+03,1.470856753069577053e+03,1.471856655622685594e+03,1.472856558175794135e+03,1.473856460728902675e+03,1.474856363282011216e+03,1.475856265835119757e+03,1.476856168388228298e+03,1.477856070941336839e+03,1.478855973494445379e+03,1.479855876047553920e+03,1.480855778600662688e+03,1.481855681153771229e+03,1.482855583706879770e+03,1.483855486259988311e+03,1.484855388813096852e+03,1.485855291366205392e+03,1.486855193919313933e+03,1.487855096472422474e+03,1.488854999025531015e+03,1.489854901578639556e+03,1.490854804131748097e+03,1.491854706684856637e+03,1.492854609237965178e+03,1.493854511791073719e+03,1.494854414344182260e+03,1.495854316897291028e+03,1.496854219450399569e+03,1.497854122003508110e+03,1.498854024556616650e+03,1.499853927109725191e+03,1.500853829662833732e+03,1.501853732215942273e+03,1.502853634769050814e+03,1.503853537322159355e+03,1.504853439875267895e+03,1.505853342428376436e+03,1.506853244981484977e+03,1.507853147534593518e+03,1.508853050087702059e+03,1.509852952640810599e+03,1.510852855193919368e+03,1.511852757747027908e+03,1.512852660300136449e+03,1.513852562853244990e+03,1.514852465406353531e+03,1.515852367959462072e+03,1.516852270512570612e+03,1.517852173065679153e+03,1.518852075618787694e+03,1.519851978171896235e+03,1.520851880725004776e+03,1.521851783278113317e+03,1.522851685831221857e+03,1.523851588384330398e+03,1.524851490937438939e+03,1.525851393490547707e+03,1.526851296043656248e+03,1.527851198596764789e+03,1.528851101149873330e+03,1.529851003702981870e+03,1.530850906256090411e+03,1.531850808809198952e+03,1.532850711362307493e+03,1.533850613915416034e+03,1.534850516468524575e+03,1.535850419021633115e+03,1.536850321574741656e+03,1.537850224127850197e+03,1.538850126680958738e+03,1.539850029234067279e+03,1.540849931787176047e+03,1.541849834340284588e+03,1.542849736893393128e+03,1.543849639446501669e+03,1.544849541999610210e+03,1.545849444552718751e+03,1.546849347105827292e+03,1.547849249658935832e+03,1.548849152212044373e+03,1.549849054765152914e+03,1.550848957318261455e+03,1.551848859871369996e+03,1.552848762424478537e+03,1.553848664977587077e+03,1.554848567530695618e+03,1.555848470083804386e+03,1.556848372636912927e+03,1.557848275190021468e+03,1.558848177743130009e+03,1.559848080296238550e+03,1.560847982849347090e+03,1.561847885402455631e+03,1.562847787955564172e+03,1.563847690508672713e+03,1.564847593061781254e+03,1.565847495614889795e+03,1.566847398167998335e+03,1.567847300721106876e+03,1.568847203274215417e+03,1.569847105827323958e+03,1.570847008380432499e+03,1.571846910933541267e+03,1.572846813486649808e+03,1.573846716039758348e+03,1.574846618592866889e+03,1.575846521145975430e+03,1.576846423699083971e+03,1.577846326252192512e+03,1.578846228805301052e+03,1.579846131358409593e+03,1.580846033911518134e+03,1.581845936464626675e+03,1.582845839017735216e+03,1.583845741570843757e+03,1.584845644123952297e+03,1.585845546677060838e+03,1.586845449230169606e+03,1.587845351783278147e+03,1.588845254336386688e+03,1.589845156889495229e+03,1.590845059442603770e+03,1.591844961995712310e+03,1.592844864548820851e+03,1.593844767101929392e+03,1.594844669655037933e+03,1.595844572208146474e+03,1.596844474761255015e+03,1.597844377314363555e+03,1.598844279867472096e+03,1.599844182420580637e+03,1.600844084973689178e+03,1.601843987526797946e+03,1.602843890079906487e+03,1.603843792633015028e+03,1.604843695186123568e+03,1.605843597739232109e+03,1.606843500292340650e+03,1.607843402845449191e+03,1.608843305398557732e+03,1.609843207951666272e+03,1.610843110504774813e+03,1.611843013057883354e+03,1.612842915610991895e+03,1.613842818164100436e+03,1.614842720717208977e+03,1.615842623270317517e+03,1.616842525823426286e+03,1.617842428376534826e+03,1.618842330929643367e+03,1.619842233482751908e+03,1.620842136035860449e+03,1.621842038588968990e+03,1.622841941142077530e+03,1.623841843695186071e+03,1.624841746248294612e+03,1.625841648801403153e+03,1.626841551354511694e+03,1.627841453907620235e+03,1.628841356460728775e+03,1.629841259013837316e+03,1.630841161566945857e+03,1.631841064120054625e+03,1.632840966673163166e+03,1.633840869226271707e+03,1.634840771779380248e+03,1.635840674332488788e+03,1.636840576885597329e+03,1.637840479438705870e+03,1.638840381991814411e+03,1.639840284544922952e+03,1.640840187098031492e+03,1.641840089651140033e+03,1.642839992204248574e+03,1.643839894757357115e+03,1.644839797310465656e+03,1.645839699863574197e+03,1.646839602416682965e+03,1.647839504969791506e+03,1.648839407522900046e+03,1.649839310076008587e+03,1.650839212629117128e+03,1.651839115182225669e+03,1.652839017735334210e+03,1.653838920288442750e+03,1.654838822841551291e+03,1.655838725394659832e+03,1.656838627947768373e+03,1.657838530500876914e+03,1.658838433053985455e+03,1.659838335607093995e+03,1.660838238160202536e+03,1.661838140713311077e+03,1.662838043266419845e+03,1.663837945819528386e+03,1.664837848372636927e+03,1.665837750925745468e+03,1.666837653478854008e+03,1.667837556031962549e+03,1.668837458585071090e+03,1.669837361138179631e+03,1.670837263691288172e+03,1.671837166244396713e+03,1.672837068797505253e+03,1.673836971350613794e+03,1.674836873903722335e+03,1.675836776456830876e+03,1.676836679009939417e+03,1.677836581563048185e+03,1.678836484116156726e+03,1.679836386669265266e+03,1.680836289222373807e+03,1.681836191775482348e+03,1.682836094328590889e+03,1.683835996881699430e+03,1.684835899434807970e+03,1.685835801987916511e+03,1.686835704541025052e+03,1.687835607094133593e+03,1.688835509647242134e+03,1.689835412200350675e+03,1.690835314753459215e+03,1.691835217306567756e+03,1.692835119859676524e+03,1.693835022412785065e+03,1.694834924965893606e+03,1.695834827519002147e+03,1.696834730072110688e+03,1.697834632625219228e+03,1.698834535178327769e+03,1.699834437731436310e+03,1.700834340284544851e+03,1.701834242837653392e+03,1.702834145390761933e+03,1.703834047943870473e+03,1.704833950496979014e+03,1.705833853050087555e+03,1.706833755603196096e+03,1.707833658156304864e+03,1.708833560709413405e+03,1.709833463262521946e+03,1.710833365815630486e+03,1.711833268368739027e+03,1.712833170921847568e+03,1.713833073474956109e+03,1.714832976028064650e+03,1.715832878581173190e+03,1.716832781134281731e+03,1.717832683687390272e+03,1.718832586240498813e+03,1.719832488793607354e+03,1.720832391346715895e+03,1.721832293899824435e+03,1.722832196452933204e+03,1.723832099006041744e+03,1.724832001559150285e+03,1.725831904112258826e+03,1.726831806665367367e+03,1.727831709218475908e+03,1.728831611771584448e+03,1.729831514324692989e+03,1.730831416877801530e+03,1.731831319430910071e+03,1.732831221984018612e+03,1.733831124537127153e+03,1.734831027090235693e+03,1.735830929643344234e+03,1.736830832196452775e+03,1.737830734749561316e+03,1.738830637302670084e+03,1.739830539855778625e+03,1.740830442408887166e+03,1.741830344961995706e+03,1.742830247515104247e+03,1.743830150068212788e+03,1.744830052621321329e+03,1.745829955174429870e+03,1.746829857727538410e+03,1.747829760280646951e+03,1.748829662833755492e+03,1.749829565386864033e+03,1.750829467939972574e+03,1.751829370493081115e+03,1.752829273046189655e+03,1.753829175599298424e+03,1.754829078152406964e+03,1.755828980705515505e+03,1.756828883258624046e+03,1.757828785811732587e+03,1.758828688364841128e+03,1.759828590917949668e+03,1.760828493471058209e+03,1.761828396024166750e+03,1.762828298577275291e+03,1.763828201130383832e+03,1.764828103683492373e+03,1.765828006236600913e+03,1.766827908789709454e+03,1.767827811342817995e+03,1.768827713895926763e+03,1.769827616449035304e+03,1.770827519002143845e+03,1.771827421555252386e+03,1.772827324108360926e+03,1.773827226661469467e+03,1.774827129214578008e+03,1.775827031767686549e+03,1.776826934320795090e+03,1.777826836873903630e+03,1.778826739427012171e+03,1.779826641980120712e+03,1.780826544533229253e+03,1.781826447086337794e+03,1.782826349639446335e+03,1.783826252192555103e+03,1.784826154745663644e+03,1.785826057298772184e+03,1.786825959851880725e+03,1.787825862404989266e+03,1.788825764958097807e+03,1.789825667511206348e+03,1.790825570064314888e+03,1.791825472617423429e+03,1.792825375170531970e+03,1.793825277723640511e+03,1.794825180276749052e+03,1.795825082829857593e+03,1.796824985382966133e+03,1.797824887936074674e+03,1.798824790489183442e+03,1.799824693042291983e+03,1.800824595595400524e+03,1.801824498148509065e+03,1.802824400701617606e+03,1.803824303254726146e+03,1.804824205807834687e+03,1.805824108360943228e+03,1.806824010914051769e+03,1.807823913467160310e+03,1.808823816020268850e+03,1.809823718573377391e+03,1.810823621126485932e+03,1.811823523679594473e+03,1.812823426232703014e+03,1.813823328785811782e+03,1.814823231338920323e+03,1.815823133892028864e+03,1.816823036445137404e+03,1.817822938998245945e+03,1.818822841551354486e+03,1.819822744104463027e+03,1.820822646657571568e+03,1.821822549210680108e+03,1.822822451763788649e+03,1.823822354316897190e+03,1.824822256870005731e+03,1.825822159423114272e+03,1.826822061976222813e+03,1.827821964529331353e+03,1.828821867082439894e+03,1.829821769635548662e+03,1.830821672188657203e+03,1.831821574741765744e+03,1.832821477294874285e+03,1.833821379847982826e+03,1.834821282401091366e+03,1.835821184954199907e+03,1.836821087507308448e+03,1.837820990060416989e+03,1.838820892613525530e+03,1.839820795166634070e+03,1.840820697719742611e+03,1.841820600272851152e+03,1.842820502825959693e+03,1.843820405379068234e+03,1.844820307932177002e+03,1.845820210485285543e+03,1.846820113038394084e+03,1.847820015591502624e+03,1.848819918144611165e+03,1.849819820697719706e+03,1.850819723250828247e+03,1.851819625803936788e+03,1.852819528357045328e+03,1.853819430910153869e+03,1.854819333463262410e+03,1.855819236016370951e+03,1.856819138569479492e+03,1.857819041122588033e+03,1.858818943675696573e+03,1.859818846228805342e+03,1.860818748781913882e+03,1.861818651335022423e+03,1.862818553888130964e+03,1.863818456441239505e+03,1.864818358994348046e+03,1.865818261547456586e+03,1.866818164100565127e+03,1.867818066653673668e+03,1.868817969206782209e+03,1.869817871759890750e+03,1.870817774312999290e+03,1.871817676866107831e+03,1.872817579419216372e+03,1.873817481972324913e+03,1.874817384525433681e+03,1.875817287078542222e+03,1.876817189631650763e+03,1.877817092184759304e+03,1.878816994737867844e+03,1.879816897290976385e+03,1.880816799844084926e+03,1.881816702397193467e+03,1.882816604950302008e+03,1.883816507503410548e+03,1.884816410056519089e+03,1.885816312609627630e+03,1.886816215162736171e+03,1.887816117715844712e+03,1.888816020268953253e+03,1.889815922822062021e+03,1.890815825375170562e+03,1.891815727928279102e+03,1.892815630481387643e+03,1.893815533034496184e+03,1.894815435587604725e+03,1.895815338140713266e+03,1.896815240693821806e+03,1.897815143246930347e+03,1.898815045800038888e+03,1.899814948353147429e+03,1.900814850906255970e+03,1.901814753459364510e+03,1.902814656012473051e+03,1.903814558565581592e+03,1.904814461118690360e+03,1.905814363671798901e+03,1.906814266224907442e+03,1.907814168778015983e+03,1.908814071331124524e+03,1.909813973884233064e+03,1.910813876437341605e+03,1.911813778990450146e+03,1.912813681543558687e+03,1.913813584096667228e+03,1.914813486649775768e+03,1.915813389202884309e+03,1.916813291755992850e+03,1.917813194309101391e+03,1.918813096862209932e+03,1.919812999415318473e+03,1.920812901968427241e+03,1.921812804521535782e+03,1.922812707074644322e+03,1.923812609627752863e+03,1.924812512180861404e+03,1.925812414733969945e+03,1.926812317287078486e+03,1.927812219840187026e+03,1.928812122393295567e+03,1.929812024946404108e+03,1.930811927499512649e+03,1.931811830052621190e+03,1.932811732605729730e+03,1.933811635158838271e+03,1.934811537711946812e+03,1.935811440265055580e+03,1.936811342818164121e+03,1.937811245371272662e+03,1.938811147924381203e+03,1.939811050477489744e+03,1.940810953030598284e+03,1.941810855583706825e+03,1.942810758136815366e+03,1.943810660689923907e+03,1.944810563243032448e+03,1.945810465796140988e+03,1.946810368349249529e+03,1.947810270902358070e+03,1.948810173455466611e+03,1.949810076008575152e+03,1.950809978561683920e+03,1.951809881114792461e+03,1.952809783667901002e+03,1.953809686221009542e+03,1.954809588774118083e+03,1.955809491327226624e+03,1.956809393880335165e+03,1.957809296433443706e+03,1.958809198986552246e+03,1.959809101539660787e+03,1.960809004092769328e+03,1.961808906645877869e+03,1.962808809198986410e+03,1.963808711752094950e+03,1.964808614305203491e+03,1.965808516858312260e+03,1.966808419411420800e+03,1.967808321964529341e+03,1.968808224517637882e+03,1.969808127070746423e+03,1.970808029623854964e+03,1.971807932176963504e+03,1.972807834730072045e+03,1.973807737283180586e+03,1.974807639836289127e+03,1.975807542389397668e+03,1.976807444942506208e+03,1.977807347495614749e+03,1.978807250048723290e+03,1.979807152601831831e+03,1.980807055154940599e+03,1.981806957708049140e+03,1.982806860261157681e+03,1.983806762814266222e+03,1.984806665367374762e+03,1.985806567920483303e+03,1.986806470473591844e+03,1.987806373026700385e+03,1.988806275579808926e+03,1.989806178132917466e+03,1.990806080686026007e+03,1.991805983239134548e+03,1.992805885792243089e+03,1.993805788345351630e+03,1.994805690898460171e+03,1.995805593451568939e+03,1.996805496004677480e+03,1.997805398557786020e+03,1.998805301110894561e+03,1.999805203664003102e+03,2.000805106217111643e+03,2.001805008770220184e+03,2.002804911323328724e+03,2.003804813876437265e+03,2.004804716429545806e+03,2.005804618982654347e+03,2.006804521535762888e+03,2.007804424088871428e+03,2.008804326641979969e+03,2.009804229195088510e+03,2.010804131748197051e+03,2.011804034301305819e+03,2.012803936854414360e+03,2.013803839407522901e+03,2.014803741960631442e+03,2.015803644513739982e+03,2.016803547066848523e+03,2.017803449619957064e+03,2.018803352173065605e+03,2.019803254726174146e+03,2.020803157279282686e+03,2.021803059832391227e+03,2.022802962385499768e+03,2.023802864938608309e+03,2.024802767491716850e+03,2.025802670044825391e+03,2.026802572597934159e+03,2.027802475151042700e+03,2.028802377704151240e+03,2.029802280257259781e+03,2.030802182810368322e+03,2.031802085363476863e+03,2.032801987916585404e+03,2.033801890469693944e+03,2.034801793022802485e+03,2.035801695575911026e+03,2.036801598129019567e+03,2.037801500682128108e+03,2.038801403235236648e+03,2.039801305788345189e+03,2.040801208341453730e+03,2.041801110894562498e+03,2.042801013447671039e+03,2.043800916000779580e+03,2.044800818553888121e+03,2.045800721106996662e+03,2.046800623660105202e+03,2.047800526213213743e+03,2.048800428766322511e+03,2.049800331319430825e+03,2.050800233872539593e+03,2.051800136425647906e+03,2.052800038978756675e+03,2.053799941531864988e+03,2.054799844084973756e+03,2.055799746638082070e+03,2.056799649191190838e+03,2.057799551744299151e+03,2.058799454297407920e+03,2.059799356850516233e+03,2.060799259403625001e+03,2.061799161956733315e+03,2.062799064509842083e+03,2.063798967062950396e+03,2.064798869616059164e+03,2.065798772169167933e+03,2.066798674722276246e+03,2.067798577275385014e+03,2.068798479828493328e+03,2.069798382381602096e+03,2.070798284934710409e+03,2.071798187487819177e+03,2.072798090040927491e+03,2.073797992594036259e+03,2.074797895147144573e+03,2.075797797700253341e+03,2.076797700253361654e+03,2.077797602806470422e+03,2.078797505359578736e+03,2.079797407912687504e+03,2.080797310465796272e+03,2.081797213018904586e+03,2.082797115572013354e+03,2.083797018125121667e+03,2.084796920678230435e+03,2.085796823231338749e+03,2.086796725784447517e+03,2.087796628337555831e+03,2.088796530890664599e+03,2.089796433443772912e+03,2.090796335996881680e+03,2.091796238549989994e+03,2.092796141103098762e+03,2.093796043656207075e+03,2.094795946209315844e+03,2.095795848762424612e+03,2.096795751315532925e+03,2.097795653868641693e+03,2.098795556421750007e+03,2.099795458974858775e+03,2.100795361527967088e+03,2.101795264081075857e+03,2.102795166634184170e+03,2.103795069187292938e+03,2.104794971740401252e+03,2.105794874293510020e+03,2.106794776846618333e+03,2.107794679399727102e+03,2.108794581952835415e+03,2.109794484505944183e+03,2.110794387059052951e+03,2.111794289612161265e+03,2.112794192165270033e+03,2.113794094718378346e+03,2.114793997271487115e+03,2.115793899824595428e+03,2.116793802377704196e+03,2.117793704930812510e+03,2.118793607483921278e+03,2.119793510037029591e+03,2.120793412590138360e+03,2.121793315143246673e+03,2.122793217696355441e+03,2.123793120249463755e+03,2.124793022802572523e+03,2.125792925355681291e+03,2.126792827908789604e+03,2.127792730461898373e+03,2.128792633015006686e+03,2.129792535568115454e+03,2.130792438121223768e+03,2.131792340674332536e+03,2.132792243227440849e+03,2.133792145780549617e+03,2.134792048333657931e+03,2.135791950886766699e+03,2.136791853439875013e+03,2.137791755992983781e+03,2.138791658546092094e+03,2.139791561099200862e+03,2.140791463652309631e+03,2.141791366205417944e+03,2.142791268758526712e+03,2.143791171311635026e+03,2.144791073864743794e+03,2.145790976417852107e+03,2.146790878970960875e+03,2.147790781524069189e+03,2.148790684077177957e+03,2.149790586630286271e+03,2.150790489183395039e+03,2.151790391736503352e+03,2.152790294289612120e+03,2.153790196842720434e+03,2.154790099395829202e+03,2.155790001948937970e+03,2.156789904502046284e+03,2.157789807055155052e+03,2.158789709608263365e+03,2.159789612161372133e+03,2.160789514714480447e+03,2.161789417267589215e+03,2.162789319820697528e+03,2.163789222373806297e+03,2.164789124926914610e+03,2.165789027480023378e+03,2.166788930033131692e+03,2.167788832586240460e+03,2.168788735139348773e+03,2.169788637692457542e+03,2.170788540245566310e+03,2.171788442798674623e+03,2.172788345351783391e+03,2.173788247904891705e+03,2.174788150458000473e+03,2.175788053011108786e+03,2.176787955564217555e+03,2.177787858117325868e+03,2.178787760670434636e+03,2.179787663223542950e+03,2.180787565776651718e+03,2.181787468329760031e+03,2.182787370882868800e+03,2.183787273435977113e+03,2.184787175989085881e+03,2.185787078542194649e+03,2.186786981095302963e+03,2.187786883648411731e+03,2.188786786201520044e+03,2.189786688754628813e+03,2.190786591307737126e+03,2.191786493860845894e+03,2.192786396413954208e+03,2.193786298967062976e+03,2.194786201520171289e+03,2.195786104073280057e+03,2.196786006626388371e+03,2.197785909179497139e+03,2.198785811732605453e+03,2.199785714285714221e+03,2.200785616838822989e+03,2.201785519391931302e+03,2.202785421945040071e+03,2.203785324498148384e+03,2.204785227051257152e+03,2.205785129604365466e+03,2.206785032157474234e+03,2.207784934710582547e+03,2.208784837263691315e+03,2.209784739816799629e+03,2.210784642369908397e+03,2.211784544923016711e+03,2.212784447476125479e+03,2.213784350029233792e+03,2.214784252582342560e+03,2.215784155135451329e+03,2.216784057688559642e+03,2.217783960241668410e+03,2.218783862794776724e+03,2.219783765347885492e+03,2.220783667900993805e+03,2.221783570454102573e+03,2.222783473007210887e+03,2.223783375560319655e+03,2.224783278113427968e+03,2.225783180666536737e+03,2.226783083219645050e+03,2.227782985772753818e+03,2.228782888325862132e+03,2.229782790878970900e+03,2.230782693432079213e+03,2.231782595985187982e+03,2.232782498538296750e+03,2.233782401091405063e+03,2.234782303644513831e+03,2.235782206197622145e+03,2.236782108750730913e+03,2.237782011303839226e+03,2.238781913856947995e+03,2.239781816410056308e+03,2.240781718963165076e+03,2.241781621516273390e+03,2.242781524069382158e+03,2.243781426622490471e+03,2.244781329175599240e+03,2.245781231728707553e+03,2.246781134281816321e+03,2.247781036834925089e+03,2.248780939388033403e+03,2.249780841941142171e+03,2.250780744494250484e+03,2.251780647047359253e+03,2.252780549600467566e+03,2.253780452153576334e+03,2.254780354706684648e+03,2.255780257259793416e+03,2.256780159812901729e+03,2.257780062366010497e+03,2.258779964919118811e+03,2.259779867472227579e+03,2.260779770025335893e+03,2.261779672578444661e+03,2.262779575131553429e+03,2.263779477684661742e+03,2.264779380237770511e+03,2.265779282790878824e+03,2.266779185343987592e+03,2.267779087897095906e+03,2.268778990450204674e+03,2.269778893003312987e+03,2.270778795556421755e+03,2.271778698109530069e+03,2.272778600662638837e+03,2.273778503215747151e+03,2.274778405768855919e+03,2.275778308321964232e+03,2.276778210875073000e+03,2.277778113428181769e+03,2.278778015981290082e+03,2.279777918534398850e+03,2.280777821087507164e+03,2.281777723640615932e+03,2.282777626193724245e+03,2.283777528746833013e+03,2.284777431299941327e+03,2.285777333853050095e+03,2.286777236406158408e+03,2.287777138959267177e+03,2.288777041512375490e+03,2.289776944065484258e+03,2.290776846618592572e+03,2.291776749171701340e+03,2.292776651724810108e+03,2.293776554277918422e+03,2.294776456831027190e+03,2.295776359384135503e+03,2.296776261937244271e+03,2.297776164490352585e+03,2.298776067043461353e+03,2.299775969596569666e+03,2.300775872149678435e+03,2.301775774702786748e+03,2.302775677255895516e+03,2.303775579809003830e+03,2.304775482362112598e+03,2.305775384915220911e+03,2.306775287468329680e+03,2.307775190021438448e+03,2.308775092574546761e+03,2.309774995127655529e+03,2.310774897680763843e+03,2.311774800233872611e+03,2.312774702786980924e+03,2.313774605340089693e+03,2.314774507893198006e+03,2.315774410446306774e+03,2.316774312999415088e+03,2.317774215552523856e+03,2.318774118105632169e+03,2.319774020658740938e+03,2.320773923211849251e+03,2.321773825764958019e+03,2.322773728318066787e+03,2.323773630871175101e+03,2.324773533424283869e+03,2.325773435977392182e+03,2.326773338530500951e+03,2.327773241083609264e+03,2.328773143636718032e+03,2.329773046189826346e+03,2.330772948742935114e+03,2.331772851296043427e+03,2.332772753849152195e+03,2.333772656402260509e+03,2.334772558955369277e+03,2.335772461508477591e+03,2.336772364061586359e+03,2.337772266614695127e+03,2.338772169167803440e+03,2.339772071720912209e+03,2.340771974274020522e+03,2.341771876827129290e+03,2.342771779380237604e+03,2.343771681933346372e+03,2.344771584486454685e+03,2.345771487039563453e+03,2.346771389592671767e+03,2.347771292145780535e+03,2.348771194698888849e+03,2.349771097251997617e+03,2.350770999805105930e+03,2.351770902358214698e+03,2.352770804911323467e+03,2.353770707464431780e+03,2.354770610017540548e+03,2.355770512570648862e+03,2.356770415123757630e+03,2.357770317676865943e+03,2.358770220229974711e+03,2.359770122783083025e+03,2.360770025336191793e+03,2.361769927889300106e+03,2.362769830442408875e+03,2.363769732995517188e+03,2.364769635548625956e+03,2.365769538101734270e+03,2.366769440654843038e+03,2.367769343207951806e+03,2.368769245761060120e+03,2.369769148314168888e+03,2.370769050867277201e+03,2.371768953420385969e+03,2.372768855973494283e+03,2.373768758526603051e+03,2.374768661079711364e+03,2.375768563632820133e+03,2.376768466185928446e+03,2.377768368739037214e+03,2.378768271292145528e+03,2.379768173845254296e+03,2.380768076398362609e+03,2.381767978951471378e+03,2.382767881504580146e+03,2.383767784057688459e+03,2.384767686610797227e+03,2.385767589163905541e+03,2.386767491717014309e+03,2.387767394270122622e+03,2.388767296823231391e+03,2.389767199376339704e+03,2.390767101929448472e+03,2.391767004482556786e+03,2.392766907035665554e+03,2.393766809588773867e+03,2.394766712141882635e+03,2.395766614694990949e+03,2.396766517248099717e+03,2.397766419801208485e+03,2.398766322354316799e+03,2.399766224907425567e+03,2.400766127460533880e+03,2.401766030013642649e+03,2.402765932566750962e+03,2.403765835119859730e+03,2.404765737672968044e+03,2.405765640226076812e+03,2.406765542779185125e+03,2.407765445332293893e+03,2.408765347885402207e+03,2.409765250438510975e+03,2.410765152991619289e+03,2.411765055544728057e+03,2.412764958097836370e+03,2.413764860650945138e+03,2.414764763204053907e+03,2.415764665757162220e+03,2.416764568310270988e+03,2.417764470863379302e+03,2.418764373416488070e+03,2.419764275969596383e+03,2.420764178522705151e+03,2.421764081075813465e+03,2.422763983628922233e+03,2.423763886182030546e+03,2.424763788735139315e+03,2.425763691288247628e+03,2.426763593841356396e+03,2.427763496394464710e+03,2.428763398947573478e+03,2.429763301500682246e+03,2.430763204053790560e+03,2.431763106606899328e+03,2.432763009160007641e+03,2.433762911713116409e+03,2.434762814266224723e+03,2.435762716819333491e+03,2.436762619372441804e+03,2.437762521925550573e+03,2.438762424478658886e+03,2.439762327031767654e+03,2.440762229584875968e+03,2.441762132137984736e+03,2.442762034691093049e+03,2.443761937244201818e+03,2.444761839797310586e+03,2.445761742350418899e+03,2.446761644903527667e+03,2.447761547456635981e+03,2.448761450009744749e+03,2.449761352562853062e+03,2.450761255115961831e+03,2.451761157669070144e+03,2.452761060222178912e+03,2.453760962775287226e+03,2.454760865328395994e+03,2.455760767881504307e+03,2.456760670434613075e+03,2.457760572987721389e+03,2.458760475540830157e+03,2.459760378093938925e+03,2.460760280647047239e+03,2.461760183200156007e+03,2.462760085753264320e+03,2.463759988306373089e+03,2.464759890859481402e+03,2.465759793412590170e+03,2.466759695965698484e+03,2.467759598518807252e+03,2.468759501071915565e+03,2.469759403625024333e+03,2.470759306178132647e+03,2.471759208731241415e+03,2.472759111284349729e+03,2.473759013837458497e+03,2.474758916390567265e+03,2.475758818943675578e+03,2.476758721496784347e+03,2.477758624049892660e+03,2.478758526603001428e+03,2.479758429156109742e+03,2.480758331709218510e+03,2.481758234262326823e+03,2.482758136815435591e+03,2.483758039368543905e+03,2.484757941921652673e+03,2.485757844474760986e+03,2.486757747027869755e+03,2.487757649580978068e+03,2.488757552134086836e+03,2.489757454687195604e+03,2.490757357240303918e+03,2.491757259793412686e+03,2.492757162346521000e+03,2.493757064899629768e+03,2.494756967452738081e+03,2.495756870005846849e+03,2.496756772558955163e+03,2.497756675112063931e+03,2.498756577665172244e+03,2.499756480218281013e+03,2.500756382771389326e+03,2.501756285324498094e+03,2.502756187877606408e+03,2.503756090430715176e+03,2.504755992983823944e+03,2.505755895536932258e+03,2.506755798090041026e+03,2.507755700643149339e+03,2.508755603196258107e+03,2.509755505749366421e+03,2.510755408302475189e+03,2.511755310855583502e+03,2.512755213408692271e+03,2.513755115961800584e+03,2.514755018514909352e+03,2.515754921068017666e+03,2.516754823621126434e+03,2.517754726174234747e+03,2.518754628727343515e+03,2.519754531280452284e+03,2.520754433833560597e+03,2.521754336386669365e+03,2.522754238939777679e+03,2.523754141492886447e+03,2.524754044045994760e+03,2.525753946599103529e+03,2.526753849152211842e+03,2.527753751705320610e+03,2.528753654258428924e+03,2.529753556811537692e+03,2.530753459364646005e+03,2.531753361917754773e+03,2.532753264470863087e+03,2.533753167023971855e+03,2.534753069577080623e+03,2.535752972130188937e+03,2.536752874683297705e+03,2.537752777236406018e+03,2.538752679789514787e+03,2.539752582342623100e+03,2.540752484895731868e+03,2.541752387448840182e+03,2.542752290001948950e+03,2.543752192555057263e+03,2.544752095108166031e+03,2.545751997661274345e+03,2.546751900214383113e+03,2.547751802767491426e+03,2.548751705320600195e+03,2.549751607873708963e+03,2.550751510426817276e+03,2.551751412979926044e+03,2.552751315533034358e+03,2.553751218086143126e+03,2.554751120639251440e+03,2.555751023192360208e+03,2.556750925745468521e+03,2.557750828298577289e+03,2.558750730851685603e+03,2.559750633404794371e+03,2.560750535957902684e+03,2.561750438511011453e+03,2.562750341064119766e+03,2.563750243617228534e+03,2.564750146170337302e+03,2.565750048723445616e+03,2.566749951276554384e+03,2.567749853829662698e+03,2.568749756382771466e+03,2.569749658935879779e+03,2.570749561488988547e+03,2.571749464042096861e+03,2.572749366595205629e+03,2.573749269148313942e+03,2.574749171701422711e+03,2.575749074254531024e+03,2.576748976807639792e+03,2.577748879360748106e+03,2.578748781913856874e+03,2.579748684466965642e+03,2.580748587020073956e+03,2.581748489573182724e+03,2.582748392126291037e+03,2.583748294679399805e+03,2.584748197232508119e+03,2.585748099785616887e+03,2.586748002338725200e+03,2.587747904891833969e+03,2.588747807444942282e+03,2.589747709998051050e+03,2.590747612551159364e+03,2.591747515104268132e+03,2.592747417657376445e+03,2.593747320210485213e+03,2.594747222763593527e+03,2.595747125316702295e+03,2.596747027869811063e+03,2.597746930422919377e+03,2.598746832976028145e+03,2.599746735529136458e+03,2.600746638082245227e+03,2.601746540635353540e+03,2.602746443188462308e+03,2.603746345741570622e+03,2.604746248294679390e+03,2.605746150847787703e+03,2.606746053400896471e+03,2.607745955954004785e+03,2.608745858507113553e+03,2.609745761060221867e+03,2.610745663613330635e+03,2.611745566166439403e+03,2.612745468719547716e+03,2.613745371272656485e+03,2.614745273825764798e+03,2.615745176378873566e+03,2.616745078931981880e+03,2.617744981485090648e+03,2.618744884038198961e+03,2.619744786591307729e+03,2.620744689144416043e+03,2.621744591697524811e+03,2.622744494250633124e+03,2.623744396803741893e+03,2.624744299356850206e+03,2.625744201909958974e+03,2.626744104463067742e+03,2.627744007016176056e+03,2.628743909569284824e+03,2.629743812122393138e+03,2.630743714675501906e+03,2.631743617228610219e+03,2.632743519781718987e+03,2.633743422334827301e+03,2.634743324887936069e+03,2.635743227441044382e+03,2.636743129994153151e+03,2.637743032547261464e+03,2.638742935100370232e+03,2.639742837653478546e+03,2.640742740206587314e+03,2.641742642759696082e+03,2.642742545312804396e+03,2.643742447865913164e+03,2.644742350419021477e+03,2.645742252972130245e+03,2.646742155525238559e+03,2.647742058078347327e+03,2.648741960631455640e+03,2.649741863184564409e+03,2.650741765737672722e+03,2.651741668290781490e+03,2.652741570843889804e+03,2.653741473396998572e+03,2.654741375950106885e+03,2.655741278503215653e+03,2.656741181056324422e+03,2.657741083609432735e+03,2.658740986162541503e+03,2.659740888715649817e+03,2.660740791268758585e+03,2.661740693821866898e+03,2.662740596374975667e+03,2.663740498928083980e+03,2.664740401481192748e+03,2.665740304034301062e+03,2.666740206587409830e+03,2.667740109140518143e+03,2.668740011693626911e+03,2.669739914246735225e+03,2.670739816799843993e+03,2.671739719352952761e+03,2.672739621906061075e+03,2.673739524459169843e+03,2.674739427012278156e+03,2.675739329565386925e+03,2.676739232118495238e+03,2.677739134671604006e+03,2.678739037224712320e+03,2.679738939777821088e+03,2.680738842330929401e+03,2.681738744884038169e+03,2.682738647437146483e+03,2.683738549990255251e+03,2.684738452543363564e+03,2.685738355096472333e+03,2.686738257649581101e+03,2.687738160202689414e+03,2.688738062755798182e+03,2.689737965308906496e+03,2.690737867862015264e+03,2.691737770415123578e+03,2.692737672968232346e+03,2.693737575521340659e+03,2.694737478074449427e+03,2.695737380627557741e+03,2.696737283180666509e+03,2.697737185733774822e+03,2.698737088286883591e+03,2.699736990839991904e+03,2.700736893393100672e+03,2.701736795946209440e+03,2.702736698499317754e+03,2.703736601052426522e+03,2.704736503605534836e+03,2.705736406158643604e+03,2.706736308711751917e+03,2.707736211264860685e+03,2.708736113817968999e+03,2.709736016371077767e+03,2.710735918924186080e+03,2.711735821477294849e+03,2.712735724030403162e+03,2.713735626583511930e+03,2.714735529136620244e+03,2.715735431689729012e+03,2.716735334242837780e+03,2.717735236795946093e+03,2.718735139349054862e+03,2.719735041902163175e+03,2.720734944455271943e+03,2.721734847008380257e+03,2.722734749561489025e+03,2.723734652114597338e+03,2.724734554667706107e+03,2.725734457220814420e+03,2.726734359773923188e+03,2.727734262327031502e+03,2.728734164880140270e+03,2.729734067433248583e+03,2.730733969986357351e+03,2.731733872539466120e+03,2.732733775092574433e+03,2.733733677645683201e+03,2.734733580198791515e+03,2.735733482751900283e+03,2.736733385305008596e+03,2.737733287858117365e+03,2.738733190411225678e+03,2.739733092964334446e+03,2.740732995517442760e+03,2.741732898070551528e+03,2.742732800623659841e+03,2.743732703176768609e+03,2.744732605729876923e+03,2.745732508282985691e+03,2.746732410836094459e+03,2.747732313389202773e+03,2.748732215942311541e+03,2.749732118495419854e+03,2.750732021048528622e+03,2.751731923601636936e+03,2.752731826154745704e+03,2.753731728707854018e+03,2.754731631260962786e+03,2.755731533814071099e+03,2.756731436367179867e+03,2.757731338920288181e+03,2.758731241473396949e+03,2.759731144026505262e+03,2.760731046579614031e+03,2.761730949132722344e+03,2.762730851685831112e+03,2.763730754238939880e+03,2.764730656792048194e+03,2.765730559345156962e+03,2.766730461898265276e+03,2.767730364451374044e+03,2.768730267004482357e+03,2.769730169557591125e+03,2.770730072110699439e+03,2.771729974663808207e+03,2.772729877216916520e+03,2.773729779770025289e+03,2.774729682323133602e+03,2.775729584876242370e+03,2.776729487429350684e+03,2.777729389982459452e+03,2.778729292535568220e+03,2.779729195088676533e+03,2.780729097641785302e+03,2.781729000194893615e+03,2.782728902748002383e+03,2.783728805301110697e+03,2.784728707854219465e+03,2.785728610407327778e+03,2.786728512960436547e+03,2.787728415513544860e+03,2.788728318066653628e+03,2.789728220619761942e+03,2.790728123172870710e+03,2.791728025725979023e+03,2.792727928279087791e+03,2.793727830832196560e+03,2.794727733385304873e+03,2.795727635938413641e+03,2.796727538491521955e+03,2.797727441044630723e+03,2.798727343597739036e+03,2.799727246150847805e+03,2.800727148703956118e+03,2.801727051257064886e+03,2.802726953810173200e+03,2.803726856363281968e+03,2.804726758916390281e+03,2.805726661469499049e+03,2.806726564022607363e+03,2.807726466575716131e+03,2.808726369128824899e+03,2.809726271681933213e+03,2.810726174235041981e+03,2.811726076788150294e+03,2.812725979341259062e+03,2.813725881894367376e+03,2.814725784447476144e+03,2.815725687000584458e+03,2.816725589553693226e+03,2.817725492106801539e+03,2.818725394659910307e+03,2.819725297213018621e+03,2.820725199766127389e+03,2.821725102319235702e+03,2.822725004872344471e+03,2.823724907425453239e+03,2.824724809978561552e+03,2.825724712531670320e+03,2.826724615084778634e+03,2.827724517637887402e+03,2.828724420190995716e+03,2.829724322744104484e+03,2.830724225297212797e+03,2.831724127850321565e+03,2.832724030403429879e+03,2.833723932956538647e+03,2.834723835509646960e+03,2.835723738062755729e+03,2.836723640615864042e+03,2.837723543168972810e+03,2.838723445722081578e+03,2.839723348275189892e+03,2.840723250828298660e+03,2.841723153381406973e+03,2.842723055934515742e+03,2.843722958487624055e+03,2.844722861040732823e+03,2.845722763593841137e+03,2.846722666146949905e+03,2.847722568700058218e+03,2.848722471253166987e+03,2.849722373806275300e+03,2.850722276359384068e+03,2.851722178912492382e+03,2.852722081465601150e+03,2.853721984018709918e+03,2.854721886571818231e+03,2.855721789124927000e+03,2.856721691678035313e+03,2.857721594231144081e+03,2.858721496784252395e+03,2.859721399337361163e+03,2.860721301890469476e+03,2.861721204443578245e+03,2.862721106996686558e+03,2.863721009549795326e+03,2.864720912102903640e+03,2.865720814656012408e+03,2.866720717209120721e+03,2.867720619762229489e+03,2.868720522315338258e+03,2.869720424868446571e+03,2.870720327421555339e+03,2.871720229974663653e+03,2.872720132527772421e+03,2.873720035080880734e+03,2.874719937633989503e+03,2.875719840187097816e+03,2.876719742740206584e+03,2.877719645293314898e+03,2.878719547846423666e+03,2.879719450399531979e+03,2.880719352952640747e+03,2.881719255505749061e+03,2.882719158058857829e+03,2.883719060611966597e+03,2.884718963165074911e+03,2.885718865718183679e+03,2.886718768271291992e+03,2.887718670824400760e+03,2.888718573377509074e+03,2.889718475930617842e+03,2.890718378483726156e+03,2.891718281036834924e+03,2.892718183589943237e+03,2.893718086143052005e+03,2.894717988696160319e+03,2.895717891249269087e+03,2.896717793802377400e+03,2.897717696355486169e+03,2.898717598908594937e+03,2.899717501461703250e+03,2.900717404014812018e+03,2.901717306567920332e+03,2.902717209121029100e+03,2.903717111674137414e+03,2.904717014227246182e+03,2.905716916780354495e+03,2.906716819333463263e+03,2.907716721886571577e+03,2.908716624439680345e+03,2.909716526992788658e+03,2.910716429545897427e+03,2.911716332099005740e+03,2.912716234652114508e+03,2.913716137205223276e+03,2.914716039758331590e+03,2.915715942311440358e+03,2.916715844864548671e+03,2.917715747417657440e+03,2.918715649970765753e+03,2.919715552523874521e+03,2.920715455076982835e+03,2.921715357630091603e+03,2.922715260183199916e+03,2.923715162736308685e+03,2.924715065289416998e+03,2.925714967842525766e+03,2.926714870395634080e+03,2.927714772948742848e+03,2.928714675501851616e+03,2.929714578054959929e+03,2.930714480608068698e+03,2.931714383161177011e+03,2.932714285714285779e+03,2.933714188267394093e+03,2.934714090820502861e+03,2.935713993373611174e+03,2.936713895926719943e+03,2.937713798479828256e+03,2.938713701032937024e+03,2.939713603586045338e+03,2.940713506139154106e+03,2.941713408692262419e+03,2.942713311245371187e+03,2.943713213798479501e+03,2.944713116351588269e+03,2.945713018904697037e+03,2.946712921457805351e+03,2.947712824010914119e+03,2.948712726564022432e+03,2.949712629117131200e+03,2.950712531670239514e+03,2.951712434223348282e+03,2.952712336776456596e+03,2.953712239329565364e+03,2.954712141882673677e+03,2.955712044435782445e+03,2.956711946988890759e+03,2.957711849541999527e+03,2.958711752095107840e+03,2.959711654648216609e+03,2.960711557201325377e+03,2.961711459754433690e+03,2.962711362307542458e+03,2.963711264860650772e+03,2.964711167413759540e+03,2.965711069966867854e+03,2.966710972519976622e+03,2.967710875073084935e+03,2.968710777626193703e+03,2.969710680179302017e+03,2.970710582732410785e+03,2.971710485285519098e+03,2.972710387838627867e+03,2.973710290391736180e+03,2.974710192944844948e+03,2.975710095497953716e+03,2.976709998051062030e+03,2.977709900604170798e+03,2.978709803157279111e+03,2.979709705710387880e+03,2.980709608263496193e+03,2.981709510816604961e+03,2.982709413369713275e+03,2.983709315922822043e+03,2.984709218475930356e+03,2.985709121029039125e+03,2.986709023582147438e+03,2.987708926135256206e+03,2.988708828688364520e+03,2.989708731241473288e+03,2.990708633794582056e+03,2.991708536347690369e+03,2.992708438900799138e+03,2.993708341453907451e+03,2.994708244007016219e+03,2.995708146560124533e+03,2.996708049113233301e+03,2.997707951666341614e+03,2.998707854219450383e+03,2.999707756772558696e+03,3.000707659325667464e+03,3.001707561878775778e+03,3.002707464431884546e+03,3.003707366984992859e+03,3.004707269538101627e+03,3.005707172091210396e+03,3.006707074644318709e+03,3.007706977197427477e+03,3.008706879750535791e+03,3.009706782303644559e+03,3.010706684856752872e+03,3.011706587409861640e+03,3.012706489962969954e+03,3.013706392516078722e+03,3.014706295069187036e+03,3.015706197622295804e+03,3.016706100175404117e+03,3.017706002728512885e+03,3.018705905281621199e+03,3.019705807834729967e+03,3.020705710387838735e+03,3.021705612940947049e+03,3.022705515494055817e+03,3.023705418047164130e+03,3.024705320600272898e+03,3.025705223153381212e+03,3.026705125706489980e+03,3.027705028259598294e+03,3.028704930812707062e+03,3.029704833365815375e+03,3.030704735918924143e+03,3.031704638472032457e+03,3.032704541025141225e+03,3.033704443578249538e+03,3.034704346131358307e+03,3.035704248684467075e+03,3.036704151237575388e+03,3.037704053790684156e+03,3.038703956343792470e+03,3.039703858896901238e+03,3.040703761450009551e+03,3.041703664003118320e+03,3.042703566556226633e+03,3.043703469109335401e+03,3.044703371662443715e+03,3.045703274215552483e+03,3.046703176768660796e+03,3.047703079321769565e+03,3.048702981874877878e+03,3.049702884427986646e+03,3.050702786981095414e+03,3.051702689534203728e+03,3.052702592087312496e+03,3.053702494640420809e+03,3.054702397193529578e+03,3.055702299746637891e+03,3.056702202299746659e+03,3.057702104852854973e+03,3.058702007405963741e+03,3.059701909959072054e+03,3.060701812512180823e+03,3.061701715065289136e+03,3.062701617618397904e+03,3.063701520171506218e+03,3.064701422724614986e+03,3.065701325277723754e+03,3.066701227830832067e+03,3.067701130383940836e+03,3.068701032937049149e+03,3.069700935490157917e+03,3.070700838043266231e+03,3.071700740596374999e+03,3.072700643149483312e+03,3.073700545702592080e+03,3.074700448255700394e+03,3.075700350808809162e+03,3.076700253361917476e+03,3.077700155915026244e+03,3.078700058468134557e+03,3.079699961021243325e+03,3.080699863574352094e+03,3.081699766127460407e+03,3.082699668680569175e+03,3.083699571233677489e+03,3.084699473786786257e+03,3.085699376339894570e+03,3.086699278893003338e+03,3.087699181446111652e+03,3.088699083999220420e+03,3.089698986552328734e+03,3.090698889105437502e+03,3.091698791658545815e+03,3.092698694211654583e+03,3.093698596764762897e+03,3.094698499317871665e+03,3.095698401870980433e+03,3.096698304424088747e+03,3.097698206977197515e+03,3.098698109530305828e+03,3.099698012083414596e+03,3.100697914636522910e+03,3.101697817189631678e+03,3.102697719742739991e+03,3.103697622295848760e+03,3.104697524848957073e+03,3.105697427402065841e+03,3.106697329955174155e+03,3.107697232508282923e+03,3.108697135061391236e+03,3.109697037614500005e+03,3.110696940167608773e+03,3.111696842720717086e+03,3.112696745273825854e+03,3.113696647826934168e+03,3.114696550380042936e+03,3.115696452933151249e+03,3.116696355486260018e+03,3.117696258039368331e+03,3.118696160592477099e+03,3.119696063145585413e+03,3.120695965698694181e+03,3.121695868251802494e+03,3.122695770804911263e+03,3.123695673358019576e+03,3.124695575911128344e+03,3.125695478464236658e+03,3.126695381017345426e+03,3.127695283570454194e+03,3.128695186123562507e+03,3.129695088676671276e+03,3.130694991229779589e+03,3.131694893782888357e+03,3.132694796335996671e+03,3.133694698889105439e+03,3.134694601442213752e+03,3.135694503995322520e+03,3.136694406548430834e+03,3.137694309101539602e+03,3.138694211654647916e+03,3.139694114207756684e+03,3.140694016760864997e+03,3.141693919313973765e+03,3.142693821867082534e+03,3.143693724420190847e+03,3.144693626973299615e+03,3.145693529526407929e+03,3.146693432079516697e+03,3.147693334632625010e+03,3.148693237185733778e+03,3.149693139738842092e+03,3.150693042291950860e+03,3.151692944845059174e+03,3.152692847398167942e+03,3.153692749951276255e+03,3.154692652504385023e+03,3.155692555057493337e+03,3.156692457610602105e+03,3.157692360163710873e+03,3.158692262716819187e+03,3.159692165269927955e+03,3.160692067823036268e+03,3.161691970376145036e+03,3.162691872929253350e+03,3.163691775482362118e+03,3.164691678035470431e+03,3.165691580588579200e+03,3.166691483141687513e+03,3.167691385694796281e+03,3.168691288247904595e+03,3.169691190801013363e+03,3.170691093354121676e+03,3.171690995907230445e+03,3.172690898460339213e+03,3.173690801013447526e+03,3.174690703566556294e+03,3.175690606119664608e+03,3.176690508672773376e+03,3.177690411225881689e+03,3.178690313778990458e+03,3.179690216332098771e+03,3.180690118885207539e+03,3.181690021438315853e+03,3.182689923991424621e+03,3.183689826544532934e+03,3.184689729097641703e+03,3.185689631650750016e+03,3.186689534203858784e+03,3.187689436756967552e+03,3.188689339310075866e+03,3.189689241863184634e+03,3.190689144416292947e+03,3.191689046969401716e+03,3.192688949522510029e+03,3.193688852075618797e+03,3.194688754628727111e+03,3.195688657181835879e+03,3.196688559734944192e+03,3.197688462288052961e+03,3.198688364841161274e+03,3.199688267394270042e+03,3.200688169947378356e+03,3.201688072500487124e+03,3.202687975053595892e+03,3.203687877606704205e+03,3.204687780159812974e+03,3.205687682712921287e+03,3.206687585266030055e+03,3.207687487819138369e+03,3.208687390372247137e+03,3.209687292925355450e+03,3.210687195478464218e+03,3.211687098031572532e+03,3.212687000584681300e+03,3.213686903137789614e+03,3.214686805690898382e+03,3.215686708244006695e+03,3.216686610797115463e+03,3.217686513350224232e+03,3.218686415903332545e+03,3.219686318456441313e+03,3.220686221009549627e+03,3.221686123562658395e+03,3.222686026115766708e+03,3.223685928668875476e+03,3.224685831221983790e+03,3.225685733775092558e+03,3.226685636328200872e+03,3.227685538881309640e+03,3.228685441434417953e+03,3.229685343987526721e+03,3.230685246540635035e+03,3.231685149093743803e+03,3.232685051646852571e+03,3.233684954199960885e+03,3.234684856753069653e+03,3.235684759306177966e+03,3.236684661859286734e+03,3.237684564412395048e+03,3.238684466965503816e+03,3.239684369518612129e+03,3.240684272071720898e+03,3.241684174624829211e+03,3.242684077177937979e+03,3.243683979731046293e+03,3.244683882284155061e+03,3.245683784837263374e+03,3.246683687390372143e+03,3.247683589943480911e+03,3.248683492496589224e+03,3.249683395049697992e+03,3.250683297602806306e+03,3.251683200155915074e+03,3.252683102709023387e+03,3.253683005262132156e+03,3.254682907815240469e+03,3.255682810368349237e+03,3.256682712921457551e+03,3.257682615474566319e+03,3.258682518027674632e+03,3.259682420580783401e+03,3.260682323133891714e+03,3.261682225687000482e+03,3.262682128240109250e+03,3.263682030793217564e+03,3.264681933346326332e+03,3.265681835899434645e+03,3.266681738452543414e+03,3.267681641005651727e+03,3.268681543558760495e+03,3.269681446111868809e+03,3.270681348664977577e+03,3.271681251218085890e+03,3.272681153771194658e+03,3.273681056324302972e+03,3.274680958877411740e+03,3.275680861430520054e+03,3.276680763983628822e+03,3.277680666536737590e+03,3.278680569089845903e+03,3.279680471642954672e+03,3.280680374196062985e+03,3.281680276749171753e+03,3.282680179302280067e+03,3.283680081855388835e+03,3.284679984408497148e+03,3.285679886961605916e+03,3.286679789514714230e+03,3.287679692067822998e+03,3.288679594620931312e+03,3.289679497174040080e+03,3.290679399727148393e+03,3.291679302280257161e+03,3.292679204833365930e+03,3.293679107386474243e+03,3.294679009939583011e+03,3.295678912492691325e+03,3.296678815045800093e+03,3.297678717598908406e+03,3.298678620152017174e+03,3.299678522705125488e+03,3.300678425258234256e+03,3.301678327811342569e+03,3.302678230364451338e+03,3.303678132917559651e+03,3.304678035470668419e+03,3.305677938023776733e+03,3.306677840576885501e+03,3.307677743129993814e+03,3.308677645683102583e+03,3.309677548236211351e+03,3.310677450789319664e+03,3.311677353342428432e+03,3.312677255895536746e+03,3.313677158448645514e+03,3.314677061001753827e+03,3.315676963554862596e+03,3.316676866107970909e+03,3.317676768661079677e+03,3.318676671214187991e+03,3.319676573767296759e+03,3.320676476320405072e+03,3.321676378873513841e+03,3.322676281426622154e+03,3.323676183979730922e+03,3.324676086532839690e+03,3.325675989085948004e+03,3.326675891639056772e+03,3.327675794192165085e+03,3.328675696745273854e+03,3.329675599298382167e+03,3.330675501851490935e+03,3.331675404404599249e+03,3.332675306957708017e+03,3.333675209510816330e+03,3.334675112063925098e+03,3.335675014617033412e+03,3.336674917170142180e+03,3.337674819723250494e+03,3.338674722276359262e+03,3.339674624829468030e+03,3.340674527382576343e+03,3.341674429935685112e+03,3.342674332488793425e+03,3.343674235041902193e+03,3.344674137595010507e+03,3.345674040148119275e+03,3.346673942701227588e+03,3.347673845254336356e+03,3.348673747807444670e+03,3.349673650360553438e+03,3.350673552913661752e+03,3.351673455466770520e+03,3.352673358019878833e+03,3.353673260572987601e+03,3.354673163126096370e+03,3.355673065679204683e+03,3.356672968232313451e+03,3.357672870785421765e+03,3.358672773338530533e+03,3.359672675891638846e+03,3.360672578444747614e+03,3.361672480997855928e+03,3.362672383550964696e+03,3.363672286104073009e+03,3.364672188657181778e+03,3.365672091210290091e+03,3.366671993763398859e+03,3.367671896316507173e+03,3.368671798869615941e+03,3.369671701422724709e+03,3.370671603975833023e+03,3.371671506528941791e+03,3.372671409082050104e+03,3.373671311635158872e+03,3.374671214188267186e+03,3.375671116741375954e+03,3.376671019294484267e+03,3.377670921847593036e+03,3.378670824400701349e+03,3.379670726953810117e+03,3.380670629506918431e+03,3.381670532060027199e+03,3.382670434613135512e+03,3.383670337166244281e+03,3.384670239719353049e+03,3.385670142272461362e+03,3.386670044825570130e+03,3.387669947378678444e+03,3.388669849931787212e+03,3.389669752484895525e+03,3.390669655038004294e+03,3.391669557591112607e+03,3.392669460144221375e+03,3.393669362697329689e+03,3.394669265250438457e+03,3.395669167803546770e+03,3.396669070356655538e+03,3.397668972909763852e+03,3.398668875462872620e+03,3.399668778015981388e+03,3.400668680569089702e+03,3.401668583122198470e+03,3.402668485675306783e+03,3.403668388228415552e+03,3.404668290781523865e+03,3.405668193334632633e+03,3.406668095887740947e+03,3.407667998440849715e+03,3.408667900993958028e+03,3.409667803547066796e+03,3.410667706100175110e+03,3.411667608653283878e+03,3.412667511206392192e+03,3.413667413759500960e+03,3.414667316312609728e+03,3.415667218865718041e+03,3.416667121418826810e+03,3.417667023971935123e+03,3.418666926525043891e+03,3.419666829078152205e+03,3.420666731631260973e+03,3.421666634184369286e+03,3.422666536737478054e+03,3.423666439290586368e+03,3.424666341843695136e+03,3.425666244396803449e+03,3.426666146949912218e+03,3.427666049503020531e+03,3.428665952056129299e+03,3.429665854609238067e+03,3.430665757162346381e+03,3.431665659715455149e+03,3.432665562268563463e+03,3.433665464821672231e+03,3.434665367374780544e+03,3.435665269927889312e+03,3.436665172480997626e+03,3.437665075034106394e+03,3.438664977587214707e+03,3.439664880140323476e+03,3.440664782693431789e+03,3.441664685246540557e+03,3.442664587799648871e+03,3.443664490352757639e+03,3.444664392905866407e+03,3.445664295458974721e+03,3.446664198012083489e+03,3.447664100565191802e+03,3.448664003118300570e+03,3.449663905671408884e+03,3.450663808224517652e+03,3.451663710777625965e+03,3.452663613330734734e+03,3.453663515883843047e+03,3.454663418436951815e+03,3.455663320990060129e+03,3.456663223543168897e+03,3.457663126096277210e+03,3.458663028649385978e+03,3.459662931202494747e+03,3.460662833755603060e+03,3.461662736308711828e+03,3.462662638861820142e+03,3.463662541414928910e+03,3.464662443968037223e+03,3.465662346521145992e+03,3.466662249074254305e+03,3.467662151627363073e+03,3.468662054180471387e+03,3.469661956733580155e+03,3.470661859286688468e+03,3.471661761839797236e+03,3.472661664392905550e+03,3.473661566946014318e+03,3.474661469499122632e+03,3.475661372052231400e+03,3.476661274605340168e+03,3.477661177158448481e+03,3.478661079711557250e+03,3.479660982264665563e+03,3.480660884817774331e+03,3.481660787370882645e+03,3.482660689923991413e+03,3.483660592477099726e+03,3.484660495030208494e+03,3.485660397583316808e+03,3.486660300136425576e+03,3.487660202689533889e+03,3.488660105242642658e+03,3.489660007795750971e+03,3.490659910348859739e+03,3.491659812901968508e+03,3.492659715455076821e+03,3.493659618008185589e+03,3.494659520561293903e+03,3.495659423114402671e+03,3.496659325667510984e+03,3.497659228220619752e+03,3.498659130773728066e+03,3.499659033326836834e+03,3.500658935879945147e+03,3.501658838433053916e+03,3.502658740986162229e+03,3.503658643539270997e+03,3.504658546092379311e+03,3.505658448645488079e+03,3.506658351198596847e+03,3.507658253751705161e+03,3.508658156304813929e+03,3.509658058857922242e+03,3.510657961411031010e+03,3.511657863964139324e+03,3.512657766517248092e+03,3.513657669070356405e+03,3.514657571623465174e+03,3.515657474176573487e+03,3.516657376729682255e+03,3.517657279282790569e+03,3.518657181835899337e+03,3.519657084389007650e+03,3.520656986942116419e+03,3.521656889495225187e+03,3.522656792048333500e+03,3.523656694601442268e+03,3.524656597154550582e+03,3.525656499707659350e+03,3.526656402260767663e+03,3.527656304813876432e+03,3.528656207366984745e+03,3.529656109920093513e+03,3.530656012473201827e+03,3.531655915026310595e+03,3.532655817579418908e+03,3.533655720132527676e+03,3.534655622685635990e+03,3.535655525238744758e+03,3.536655427791853526e+03,3.537655330344961840e+03,3.538655232898070608e+03,3.539655135451178921e+03,3.540655038004287690e+03,3.541654940557396003e+03,3.542654843110504771e+03,3.543654745663613085e+03,3.544654648216721853e+03,3.545654550769830166e+03,3.546654453322938934e+03,3.547654355876047248e+03,3.548654258429156016e+03,3.549654160982264330e+03,3.550654063535373098e+03,3.551653966088481866e+03,3.552653868641590179e+03,3.553653771194698948e+03,3.554653673747807261e+03,3.555653576300916029e+03,3.556653478854024343e+03,3.557653381407133111e+03,3.558653283960241424e+03,3.559653186513350192e+03,3.560653089066458506e+03,3.561652991619567274e+03,3.562652894172675587e+03,3.563652796725784356e+03,3.564652699278892669e+03,3.565652601832001437e+03,3.566652504385110205e+03,3.567652406938218519e+03,3.568652309491327287e+03,3.569652212044435601e+03,3.570652114597544369e+03,3.571652017150652682e+03,3.572651919703761450e+03,3.573651822256869764e+03,3.574651724809978532e+03,3.575651627363086845e+03,3.576651529916195614e+03,3.577651432469303927e+03,3.578651335022412695e+03,3.579651237575521009e+03,3.580651140128629777e+03,3.581651042681738545e+03,3.582650945234846859e+03,3.583650847787955627e+03,3.584650750341063940e+03,3.585650652894172708e+03,3.586650555447281022e+03,3.587650458000389790e+03,3.588650360553498103e+03,3.589650263106606872e+03,3.590650165659715185e+03,3.591650068212823953e+03,3.592649970765932267e+03,3.593649873319041035e+03,3.594649775872149348e+03,3.595649678425258116e+03,3.596649580978366885e+03,3.597649483531475198e+03,3.598649386084583966e+03,3.599649288637692280e+03,3.600649191190801048e+03,3.601649093743909361e+03,3.602648996297018130e+03,3.603648898850126443e+03,3.604648801403235211e+03,3.605648703956343525e+03,3.606648606509452293e+03,3.607648509062560606e+03,3.608648411615669374e+03,3.609648314168777688e+03,3.610648216721886456e+03,3.611648119274995224e+03,3.612648021828103538e+03,3.613647924381212306e+03,3.614647826934320619e+03,3.615647729487429388e+03,3.616647632040537701e+03,3.617647534593646469e+03,3.618647437146754783e+03,3.619647339699863551e+03,3.620647242252971864e+03,3.621647144806080632e+03,3.622647047359188946e+03,3.623646949912297714e+03,3.624646852465406027e+03,3.625646755018514796e+03,3.626646657571623564e+03,3.627646560124731877e+03,3.628646462677840645e+03,3.629646365230948959e+03,3.630646267784057727e+03,3.631646170337166041e+03,3.632646072890274809e+03,3.633645975443383122e+03,3.634645877996491890e+03,3.635645780549600204e+03,3.636645683102708972e+03,3.637645585655817285e+03,3.638645488208926054e+03,3.639645390762034367e+03,3.640645293315143135e+03,3.641645195868251903e+03,3.642645098421360217e+03,3.643645000974468985e+03,3.644644903527577299e+03,3.645644806080686067e+03,3.646644708633794380e+03,3.647644611186903148e+03,3.648644513740011462e+03,3.649644416293120230e+03,3.650644318846228543e+03,3.651644221399337312e+03,3.652644123952445625e+03,3.653644026505554393e+03,3.654643929058662707e+03,3.655643831611771475e+03,3.656643734164879788e+03,3.657643636717988556e+03,3.658643539271097325e+03,3.659643441824205638e+03,3.660643344377314406e+03,3.661643246930422720e+03,3.662643149483531488e+03,3.663643052036639801e+03,3.664642954589748570e+03,3.665642857142856883e+03,3.666642759695965651e+03,3.667642662249073965e+03,3.668642564802182733e+03,3.669642467355291046e+03,3.670642369908399814e+03,3.671642272461508128e+03,3.672642175014616896e+03,3.673642077567725664e+03,3.674641980120833978e+03,3.675641882673942746e+03,3.676641785227051059e+03,3.677641687780159828e+03,3.678641590333268141e+03,3.679641492886376909e+03,3.680641395439485223e+03,3.681641297992593991e+03,3.682641200545702304e+03,3.683641103098811072e+03,3.684641005651919386e+03,3.685640908205028154e+03,3.686640810758136467e+03,3.687640713311245236e+03,3.688640615864354004e+03,3.689640518417462317e+03,3.690640420970571085e+03,3.691640323523679399e+03,3.692640226076788167e+03,3.693640128629896481e+03,3.694640031183005249e+03,3.695639933736113562e+03,3.696639836289222330e+03,3.697639738842330644e+03,3.698639641395439412e+03,3.699639543948547725e+03,3.700639446501656494e+03,3.701639349054764807e+03,3.702639251607873575e+03,3.703639154160982343e+03,3.704639056714090657e+03,3.705638959267199425e+03,3.706638861820307739e+03,3.707638764373416507e+03,3.708638666926524820e+03,3.709638569479633588e+03,3.710638472032741902e+03,3.711638374585850670e+03,3.712638277138958983e+03,3.713638179692067752e+03,3.714638082245176065e+03,3.715637984798284833e+03,3.716637887351393147e+03,3.717637789904501915e+03,3.718637692457610683e+03,3.719637595010718996e+03,3.720637497563827765e+03,3.721637400116936078e+03,3.722637302670044846e+03,3.723637205223153160e+03,3.724637107776261928e+03,3.725637010329370241e+03,3.726636912882479010e+03,3.727636815435587323e+03,3.728636717988696091e+03,3.729636620541804405e+03,3.730636523094913173e+03,3.731636425648021486e+03,3.732636328201130254e+03,3.733636230754239023e+03,3.734636133307347336e+03,3.735636035860456104e+03,3.736635938413564418e+03,3.737635840966673186e+03,3.738635743519781499e+03,3.739635646072890268e+03,3.740635548625998581e+03,3.741635451179107349e+03,3.742635353732215663e+03,3.743635256285324431e+03,3.744635158838432744e+03,3.745635061391541512e+03,3.746634963944649826e+03,3.747634866497758594e+03,3.748634769050867362e+03,3.749634671603975676e+03,3.750634574157084444e+03,3.751634476710192757e+03,3.752634379263301525e+03,3.753634281816409839e+03,3.754634184369518607e+03,3.755634086922626921e+03,3.756633989475735689e+03,3.757633892028844002e+03,3.758633794581952770e+03,3.759633697135061084e+03,3.760633599688169852e+03,3.761633502241278165e+03,3.762633404794386934e+03,3.763633307347495702e+03,3.764633209900604015e+03,3.765633112453712783e+03,3.766633015006821097e+03,3.767632917559929865e+03,3.768632820113038179e+03,3.769632722666146947e+03,3.770632625219255260e+03,3.771632527772364028e+03,3.772632430325472342e+03,3.773632332878581110e+03,3.774632235431689423e+03,3.775632137984798192e+03,3.776632040537906505e+03,3.777631943091015273e+03,3.778631845644124041e+03,3.779631748197232355e+03,3.780631650750341123e+03,3.781631553303449436e+03,3.782631455856558205e+03,3.783631358409666518e+03,3.784631260962775286e+03,3.785631163515883600e+03,3.786631066068992368e+03,3.787630968622100681e+03,3.788630871175209450e+03,3.789630773728317763e+03,3.790630676281426531e+03,3.791630578834534845e+03,3.792630481387643613e+03,3.793630383940752381e+03,3.794630286493860694e+03,3.795630189046969463e+03,3.796630091600077776e+03,3.797629994153186544e+03,3.798629896706294858e+03,3.799629799259403626e+03,3.800629701812511939e+03,3.801629604365620708e+03,3.802629506918729021e+03,3.803629409471837789e+03,3.804629312024946103e+03,3.805629214578054871e+03,3.806629117131163184e+03,3.807629019684271952e+03,3.808628922237380721e+03,3.809628824790489034e+03,3.810628727343597802e+03,3.811628629896706116e+03,3.812628532449814884e+03,3.813628435002923197e+03,3.814628337556031966e+03,3.815628240109140279e+03,3.816628142662249047e+03,3.817628045215357361e+03,3.818627947768466129e+03,3.819627850321574442e+03,3.820627752874683210e+03,3.821627655427791524e+03,3.822627557980900292e+03,3.823627460534009060e+03,3.824627363087117374e+03,3.825627265640226142e+03,3.826627168193334455e+03,3.827627070746443223e+03,3.828626973299551537e+03,3.829626875852660305e+03,3.830626778405768619e+03,3.831626680958877387e+03,3.832626583511985700e+03,3.833626486065094468e+03,3.834626388618202782e+03,3.835626291171311550e+03,3.836626193724419863e+03,3.837626096277528632e+03,3.838625998830636945e+03,3.839625901383745713e+03,3.840625803936854481e+03,3.841625706489962795e+03,3.842625609043071563e+03,3.843625511596179877e+03,3.844625414149288645e+03,3.845625316702396958e+03,3.846625219255505726e+03,3.847625121808614040e+03,3.848625024361722808e+03,3.849624926914831121e+03,3.850624829467939890e+03,3.851624732021048203e+03,3.852624634574156971e+03,3.853624537127265285e+03,3.854624439680374053e+03,3.855624342233482821e+03,3.856624244786591134e+03,3.857624147339699903e+03,3.858624049892808216e+03,3.859623952445916984e+03,3.860623854999025298e+03,3.861623757552134066e+03,3.862623660105242379e+03,3.863623562658351148e+03,3.864623465211459461e+03,3.865623367764568229e+03,3.866623270317676543e+03,3.867623172870785311e+03,3.868623075423893624e+03,3.869622977977002392e+03,3.870622880530111161e+03,3.871622783083219474e+03,3.872622685636328242e+03,3.873622588189436556e+03,3.874622490742545324e+03,3.875622393295653637e+03,3.876622295848762406e+03,3.877622198401870719e+03,3.878622100954979487e+03,3.879622003508087801e+03,3.880621906061196569e+03,3.881621808614304882e+03,3.882621711167413650e+03,3.883621613720521964e+03,3.884621516273630732e+03,3.885621418826739500e+03,3.886621321379847814e+03,3.887621223932956582e+03,3.888621126486064895e+03,3.889621029039173663e+03,3.890620931592281977e+03,3.891620834145390745e+03,3.892620736698499059e+03,3.893620639251607827e+03,3.894620541804716140e+03,3.895620444357824908e+03,3.896620346910933222e+03,3.897620249464041990e+03,3.898620152017150303e+03,3.899620054570259072e+03,3.900619957123367840e+03,3.901619859676476153e+03,3.902619762229584921e+03,3.903619664782693235e+03,3.904619567335802003e+03,3.905619469888910317e+03,3.906619372442019085e+03,3.907619274995127398e+03,3.908619177548236166e+03,3.909619080101344480e+03,3.910618982654453248e+03,3.911618885207561561e+03,3.912618787760670330e+03,3.913618690313778643e+03,3.914618592866887411e+03,3.915618495419996179e+03,3.916618397973104493e+03,3.917618300526213261e+03,3.918618203079321574e+03,3.919618105632430343e+03,3.920618008185538656e+03,3.921617910738647424e+03,3.922617813291755738e+03,3.923617715844864506e+03,3.924617618397972819e+03,3.925617520951081588e+03,3.926617423504189901e+03,3.927617326057298669e+03,3.928617228610406983e+03,3.929617131163515751e+03,3.930617033716624519e+03,3.931616936269732832e+03,3.932616838822841601e+03,3.933616741375949914e+03,3.934616643929058682e+03,3.935616546482166996e+03,3.936616449035275764e+03,3.937616351588384077e+03,3.938616254141492846e+03,3.939616156694601159e+03,3.940616059247709927e+03,3.941615961800818241e+03,3.942615864353927009e+03,3.943615766907035322e+03,3.944615669460144090e+03,3.945615572013252859e+03,3.946615474566361172e+03,3.947615377119469940e+03,3.948615279672578254e+03,3.949615182225687022e+03,3.950615084778795335e+03,3.951614987331904103e+03,3.952614889885012417e+03,3.953614792438121185e+03,3.954614694991229499e+03,3.955614597544338267e+03,3.956614500097446580e+03,3.957614402650555348e+03,3.958614305203663662e+03,3.959614207756772430e+03,3.960614110309881198e+03,3.961614012862989512e+03,3.962613915416098280e+03,3.963613817969206593e+03,3.964613720522315361e+03,3.965613623075423675e+03,3.966613525628532443e+03,3.967613428181640757e+03,3.968613330734749525e+03,3.969613233287857838e+03,3.970613135840966606e+03,3.971613038394074920e+03,3.972612940947183688e+03,3.973612843500292001e+03,3.974612746053400770e+03,3.975612648606509538e+03,3.976612551159617851e+03,3.977612453712726619e+03,3.978612356265834933e+03,3.979612258818943701e+03,3.980612161372052014e+03,3.981612063925160783e+03,3.982611966478269096e+03,3.983611869031377864e+03,3.984611771584486178e+03,3.985611674137594946e+03,3.986611576690703259e+03,3.987611479243812028e+03,3.988611381796920341e+03,3.989611284350029109e+03,3.990611186903137877e+03,3.991611089456246191e+03,3.992610992009354959e+03,3.993610894562463272e+03,3.994610797115572041e+03,3.995610699668680354e+03,3.996610602221789122e+03,3.997610504774897436e+03,3.998610407328006204e+03,3.999610309881114517e+03,4.000610212434223286e+03,4.001610114987331599e+03,4.002610017540440367e+03,4.003609920093548681e+03,4.004609822646657449e+03,4.005609725199766217e+03,4.006609627752874530e+03,4.007609530305983299e+03,4.008609432859091612e+03,4.009609335412200380e+03,4.010609237965308694e+03,4.011609140518417462e+03,4.012609043071525775e+03,4.013608945624634543e+03,4.014608848177742857e+03,4.015608750730851625e+03,4.016608653283959939e+03,4.017608555837068707e+03,4.018608458390177020e+03,4.019608360943285788e+03,4.020608263496394102e+03,4.021608166049502870e+03,4.022608068602611638e+03,4.023607971155719952e+03,4.024607873708828720e+03,4.025607776261937033e+03,4.026607678815045801e+03,4.027607581368154115e+03,4.028607483921262883e+03,4.029607386474371197e+03,4.030607289027479965e+03,4.031607191580588278e+03,4.032607094133697046e+03,4.033606996686805360e+03,4.034606899239914128e+03,4.035606801793022441e+03,4.036606704346131210e+03,4.037606606899239978e+03,4.038606509452348291e+03,4.039606412005457059e+03,4.040606314558565373e+03,4.041606217111674141e+03,4.042606119664782454e+03,4.043606022217891223e+03,4.044605924770999536e+03,4.045605827324108304e+03,4.046605729877216618e+03,4.047605632430325386e+03,4.048605534983433699e+03,4.049605437536542468e+03,4.050605340089650781e+03,4.051605242642759549e+03,4.052605145195868317e+03,4.053605047748976631e+03,4.054604950302085399e+03,4.055604852855193712e+03,4.056604755408302481e+03,4.057604657961410794e+03,4.058604560514519562e+03,4.059604463067627876e+03,4.060604365620736644e+03,4.061604268173844957e+03,4.062604170726953726e+03,4.063604073280062039e+03,4.064603975833170807e+03,4.065603878386279121e+03,4.066603780939387889e+03,4.067603683492496657e+03,4.068603586045604970e+03,4.069603488598713739e+03,4.070603391151822052e+03,4.071603293704930820e+03,4.072603196258039134e+03,4.073603098811147902e+03,4.074603001364256215e+03,4.075602903917364983e+03,4.076602806470473297e+03,4.077602709023582065e+03,4.078602611576690379e+03,4.079602514129799147e+03,4.080602416682907460e+03,4.081602319236016228e+03,4.082602221789124997e+03,4.083602124342233310e+03,4.084602026895342078e+03,4.085601929448450392e+03,4.086601832001559160e+03,4.087601734554667473e+03,4.088601637107776241e+03,4.089601539660884555e+03,4.090601442213993323e+03,4.091601344767101637e+03,4.092601247320210405e+03,4.093601149873318718e+03,4.094601052426427486e+03,4.095600954979535800e+03,4.096600857532645023e+03,4.097600760085752881e+03,4.098600662638861650e+03,4.099600565191970418e+03,4.100600467745079186e+03,4.101600370298187045e+03,4.102600272851295813e+03,4.103600175404404581e+03,4.104600077957513349e+03,4.105599980510621208e+03,4.106599883063729976e+03,4.107599785616838744e+03,4.108599688169947513e+03,4.109599590723055371e+03,4.110599493276164139e+03,4.111599395829272908e+03,4.112599298382381676e+03,4.113599200935490444e+03,4.114599103488598303e+03,4.115599006041707071e+03,4.116598908594815839e+03,4.117598811147924607e+03,4.118598713701032466e+03,4.119598616254141234e+03,4.120598518807250002e+03,4.121598421360358770e+03,4.122598323913466629e+03,4.123598226466575397e+03,4.124598129019684166e+03,4.125598031572792934e+03,4.126597934125900792e+03,4.127597836679009561e+03,4.128597739232118329e+03,4.129597641785227097e+03,4.130597544338335865e+03,4.131597446891443724e+03,4.132597349444552492e+03,4.133597251997661260e+03,4.134597154550770028e+03,4.135597057103877887e+03,4.136596959656986655e+03,4.137596862210095424e+03,4.138596764763204192e+03,4.139596667316312050e+03,4.140596569869420819e+03,4.141596472422529587e+03,4.142596374975638355e+03,4.143596277528747123e+03,4.144596180081854982e+03,4.145596082634963750e+03,4.146595985188072518e+03,4.147595887741181286e+03,4.148595790294289145e+03,4.149595692847397913e+03,4.150595595400506681e+03,4.151595497953615450e+03,4.152595400506723308e+03,4.153595303059832077e+03,4.154595205612940845e+03,4.155595108166049613e+03,4.156595010719157472e+03,4.157594913272266240e+03,4.158594815825375008e+03,4.159594718378483776e+03,4.160594620931592544e+03,4.161594523484700403e+03,4.162594426037809171e+03,4.163594328590917939e+03,4.164594231144026708e+03,4.165594133697134566e+03,4.166594036250243335e+03,4.167593938803352103e+03,4.168593841356460871e+03,4.169593743909568730e+03,4.170593646462677498e+03,4.171593549015786266e+03,4.172593451568895034e+03,4.173593354122003802e+03,4.174593256675111661e+03,4.175593159228220429e+03,4.176593061781329197e+03,4.177592964334437966e+03,4.178592866887545824e+03,4.179592769440654592e+03,4.180592671993763361e+03,4.181592574546872129e+03,4.182592477099979988e+03,4.183592379653088756e+03,4.184592282206197524e+03,4.185592184759306292e+03,4.186592087312414151e+03,4.187591989865522919e+03,4.188591892418631687e+03,4.189591794971740455e+03,4.190591697524849224e+03,4.191591600077957082e+03,4.192591502631065850e+03,4.193591405184174619e+03,4.194591307737283387e+03,4.195591210290391246e+03,4.196591112843500014e+03,4.197591015396608782e+03,4.198590917949717550e+03,4.199590820502825409e+03,4.200590723055934177e+03,4.201590625609042945e+03,4.202590528162151713e+03,4.203590430715260482e+03,4.204590333268368340e+03,4.205590235821477108e+03,4.206590138374585877e+03,4.207590040927694645e+03,4.208589943480802503e+03,4.209589846033911272e+03,4.210589748587020040e+03,4.211589651140128808e+03,4.212589553693236667e+03,4.213589456246345435e+03,4.214589358799454203e+03,4.215589261352562971e+03,4.216589163905670830e+03,4.217589066458779598e+03,4.218588969011888366e+03,4.219588871564997135e+03,4.220588774118105903e+03,4.221588676671213761e+03,4.222588579224322530e+03,4.223588481777431298e+03,4.224588384330540066e+03,4.225588286883647925e+03,4.226588189436756693e+03,4.227588091989865461e+03,4.228587994542974229e+03,4.229587897096082088e+03,4.230587799649190856e+03,4.231587702202299624e+03,4.232587604755408393e+03,4.233587507308517161e+03,4.234587409861625019e+03,4.235587312414733788e+03,4.236587214967842556e+03,4.237587117520951324e+03,4.238587020074059183e+03,4.239586922627167951e+03,4.240586825180276719e+03,4.241586727733385487e+03,4.242586630286493346e+03,4.243586532839602114e+03,4.244586435392710882e+03,4.245586337945819650e+03,4.246586240498927509e+03,4.247586143052036277e+03,4.248586045605145046e+03,4.249585948158253814e+03,4.250585850711362582e+03,4.251585753264470441e+03,4.252585655817579209e+03,4.253585558370687977e+03,4.254585460923796745e+03,4.255585363476904604e+03,4.256585266030013372e+03,4.257585168583122140e+03,4.258585071136230908e+03,4.259584973689338767e+03,4.260584876242447535e+03,4.261584778795556304e+03,4.262584681348665072e+03,4.263584583901773840e+03,4.264584486454881699e+03,4.265584389007990467e+03,4.266584291561099235e+03,4.267584194114208003e+03,4.268584096667315862e+03,4.269583999220424630e+03,4.270583901773533398e+03,4.271583804326642166e+03,4.272583706879750025e+03,4.273583609432858793e+03,4.274583511985967561e+03,4.275583414539076330e+03,4.276583317092184188e+03,4.277583219645292957e+03,4.278583122198401725e+03,4.279583024751510493e+03,4.280582927304619261e+03,4.281582829857727120e+03,4.282582732410835888e+03,4.283582634963944656e+03,4.284582537517053424e+03,4.285582440070161283e+03,4.286582342623270051e+03,4.287582245176378819e+03,4.288582147729487588e+03,4.289582050282595446e+03,4.290581952835704215e+03,4.291581855388812983e+03,4.292581757941921751e+03,4.293581660495029610e+03,4.294581563048138378e+03,4.295581465601247146e+03,4.296581368154355914e+03,4.297581270707464682e+03,4.298581173260572541e+03,4.299581075813681309e+03,4.300580978366790077e+03,4.301580880919898846e+03,4.302580783473006704e+03,4.303580686026115472e+03,4.304580588579224241e+03,4.305580491132333009e+03,4.306580393685440868e+03,4.307580296238549636e+03,4.308580198791658404e+03,4.309580101344767172e+03,4.310580003897875940e+03,4.311579906450983799e+03,4.312579809004092567e+03,4.313579711557201335e+03,4.314579614110310104e+03,4.315579516663417962e+03,4.316579419216526730e+03,4.317579321769635499e+03,4.318579224322744267e+03,4.319579126875852126e+03,4.320579029428960894e+03,4.321578931982069662e+03,4.322578834535178430e+03,4.323578737088286289e+03,4.324578639641395057e+03,4.325578542194503825e+03,4.326578444747612593e+03,4.327578347300721362e+03,4.328578249853829220e+03,4.329578152406937988e+03,4.330578054960046757e+03,4.331577957513155525e+03,4.332577860066263383e+03,4.333577762619372152e+03,4.334577665172480920e+03,4.335577567725589688e+03,4.336577470278697547e+03,4.337577372831806315e+03,4.338577275384915083e+03,4.339577177938023851e+03,4.340577080491132619e+03,4.341576983044240478e+03,4.342576885597349246e+03,4.343576788150458015e+03,4.344576690703566783e+03,4.345576593256674641e+03,4.346576495809783410e+03,4.347576398362892178e+03,4.348576300916000946e+03,4.349576203469108805e+03,4.350576106022217573e+03,4.351576008575326341e+03,4.352575911128435109e+03,4.353575813681542968e+03,4.354575716234651736e+03,4.355575618787760504e+03,4.356575521340869273e+03,4.357575423893978041e+03,4.358575326447085899e+03,4.359575229000194668e+03,4.360575131553303436e+03,4.361575034106412204e+03,4.362574936659520063e+03,4.363574839212628831e+03,4.364574741765737599e+03,4.365574644318846367e+03,4.366574546871954226e+03,4.367574449425062994e+03,4.368574351978171762e+03,4.369574254531280531e+03,4.370574157084389299e+03,4.371574059637497157e+03,4.372573962190605926e+03,4.373573864743714694e+03,4.374573767296823462e+03,4.375573669849931321e+03,4.376573572403040089e+03,4.377573474956148857e+03,4.378573377509257625e+03,4.379573280062365484e+03,4.380573182615474252e+03,4.381573085168583020e+03,4.382572987721691788e+03,4.383572890274799647e+03,4.384572792827908415e+03,4.385572695381017184e+03,4.386572597934125952e+03,4.387572500487234720e+03,4.388572403040342579e+03,4.389572305593451347e+03,4.390572208146560115e+03,4.391572110699668883e+03,4.392572013252776742e+03,4.393571915805885510e+03,4.394571818358994278e+03,4.395571720912103046e+03,4.396571623465210905e+03,4.397571526018319673e+03,4.398571428571428442e+03,4.399571331124537210e+03,4.400571233677645978e+03,4.401571136230753837e+03,4.402571038783862605e+03,4.403570941336971373e+03,4.404570843890080141e+03,4.405570746443188000e+03,4.406570648996296768e+03,4.407570551549405536e+03,4.408570454102514304e+03,4.409570356655622163e+03,4.410570259208730931e+03,4.411570161761839699e+03,4.412570064314948468e+03,4.413569966868056326e+03,4.414569869421165095e+03,4.415569771974273863e+03,4.416569674527382631e+03,4.417569577080491399e+03,4.418569479633599258e+03,4.419569382186708026e+03,4.420569284739816794e+03,4.421569187292925562e+03,4.422569089846033421e+03,4.423568992399142189e+03,4.424568894952250957e+03,4.425568797505359726e+03,4.426568700058467584e+03,4.427568602611576353e+03,4.428568505164685121e+03,4.429568407717793889e+03,4.430568310270902657e+03,4.431568212824010516e+03,4.432568115377119284e+03,4.433568017930228052e+03,4.434567920483336820e+03,4.435567823036444679e+03,4.436567725589553447e+03,4.437567628142662215e+03,4.438567530695770984e+03,4.439567433248878842e+03,4.440567335801987610e+03,4.441567238355096379e+03,4.442567140908205147e+03,4.443567043461313006e+03,4.444566946014421774e+03,4.445566848567530542e+03,4.446566751120639310e+03,4.447566653673748078e+03,4.448566556226855937e+03,4.449566458779964705e+03,4.450566361333073473e+03,4.451566263886182242e+03,4.452566166439290100e+03,4.453566068992398868e+03,4.454565971545507637e+03,4.455565874098616405e+03,4.456565776651724264e+03,4.457565679204833032e+03,4.458565581757941800e+03,4.459565484311050568e+03,4.460565386864158427e+03,4.461565289417267195e+03,4.462565191970375963e+03,4.463565094523484731e+03,4.464564997076593500e+03,4.465564899629701358e+03,4.466564802182810126e+03,4.467564704735918895e+03,4.468564607289027663e+03,4.469564509842135521e+03,4.470564412395244290e+03,4.471564314948353058e+03,4.472564217501461826e+03,4.473564120054569685e+03,4.474564022607678453e+03,4.475563925160787221e+03,4.476563827713895989e+03,4.477563730267004757e+03,4.478563632820112616e+03,4.479563535373221384e+03,4.480563437926330153e+03,4.481563340479438921e+03,4.482563243032546779e+03,4.483563145585655548e+03,4.484563048138764316e+03,4.485562950691873084e+03,4.486562853244980943e+03,4.487562755798089711e+03,4.488562658351198479e+03,4.489562560904307247e+03,4.490562463457415106e+03,4.491562366010523874e+03,4.492562268563632642e+03,4.493562171116741411e+03,4.494562073669850179e+03,4.495561976222958037e+03,4.496561878776066806e+03,4.497561781329175574e+03,4.498561683882284342e+03,4.499561586435392201e+03,4.500561488988500969e+03,4.501561391541609737e+03,4.502561294094718505e+03,4.503561196647826364e+03,4.504561099200935132e+03,4.505561001754043900e+03,4.506560904307152668e+03,4.507560806860261437e+03,4.508560709413369295e+03,4.509560611966478064e+03,4.510560514519586832e+03,4.511560417072695600e+03,4.512560319625803459e+03,4.513560222178912227e+03,4.514560124732020995e+03,4.515560027285129763e+03,4.516559929838237622e+03,4.517559832391346390e+03,4.518559734944455158e+03,4.519559637497563926e+03,4.520559540050671785e+03,4.521559442603780553e+03,4.522559345156889322e+03,4.523559247709998090e+03,4.524559150263106858e+03,4.525559052816214717e+03,4.526558955369323485e+03,4.527558857922432253e+03,4.528558760475541021e+03,4.529558663028648880e+03,4.530558565581757648e+03,4.531558468134866416e+03,4.532558370687975184e+03,4.533558273241083043e+03,4.534558175794191811e+03,4.535558078347300579e+03,4.536557980900409348e+03,4.537557883453518116e+03,4.538557786006625975e+03,4.539557688559734743e+03,4.540557591112843511e+03,4.541557493665952279e+03,4.542557396219060138e+03,4.543557298772168906e+03,4.544557201325277674e+03,4.545557103878386442e+03,4.546557006431494301e+03,4.547556908984603069e+03,4.548556811537711837e+03,4.549556714090820606e+03,4.550556616643928464e+03,4.551556519197037233e+03,4.552556421750146001e+03,4.553556324303254769e+03,4.554556226856363537e+03,4.555556129409471396e+03,4.556556031962580164e+03,4.557555934515688932e+03,4.558555837068797700e+03,4.559555739621905559e+03,4.560555642175014327e+03,4.561555544728123095e+03,4.562555447281231864e+03,4.563555349834339722e+03,4.564555252387448490e+03,4.565555154940557259e+03,4.566555057493666027e+03,4.567554960046774795e+03,4.568554862599882654e+03,4.569554765152991422e+03,4.570554667706100190e+03,4.571554570259208958e+03,4.572554472812316817e+03,4.573554375365425585e+03,4.574554277918534353e+03,4.575554180471643122e+03,4.576554083024750980e+03,4.577553985577859748e+03,4.578553888130968517e+03,4.579553790684077285e+03,4.580553693237185144e+03,4.581553595790293912e+03,4.582553498343402680e+03,4.583553400896511448e+03,4.584553303449620216e+03,4.585553206002728075e+03,4.586553108555836843e+03,4.587553011108945611e+03,4.588552913662054380e+03,4.589552816215162238e+03,4.590552718768271006e+03,4.591552621321379775e+03,4.592552523874488543e+03,4.593552426427596401e+03,4.594552328980705170e+03,4.595552231533813938e+03,4.596552134086922706e+03,4.597552036640031474e+03,4.598551939193139333e+03,4.599551841746248101e+03,4.600551744299356869e+03,4.601551646852465637e+03,4.602551549405573496e+03,4.603551451958682264e+03,4.604551354511791033e+03,4.605551257064899801e+03,4.606551159618007659e+03,4.607551062171116428e+03,4.608550964724225196e+03,4.609550867277333964e+03,4.610550769830441823e+03,4.611550672383550591e+03,4.612550574936659359e+03,4.613550477489768127e+03,4.614550380042876895e+03,4.615550282595984754e+03,4.616550185149093522e+03,4.617550087702202291e+03,4.618549990255311059e+03,4.619549892808418917e+03,4.620549795361527686e+03,4.621549697914636454e+03,4.622549600467745222e+03,4.623549503020853081e+03,4.624549405573961849e+03,4.625549308127070617e+03,4.626549210680179385e+03,4.627549113233288153e+03,4.628549015786396012e+03,4.629548918339504780e+03,4.630548820892613548e+03,4.631548723445722317e+03,4.632548625998830175e+03,4.633548528551938944e+03,4.634548431105047712e+03,4.635548333658156480e+03,4.636548236211264339e+03,4.637548138764373107e+03,4.638548041317481875e+03,4.639547943870590643e+03,4.640547846423698502e+03,4.641547748976807270e+03,4.642547651529916038e+03,4.643547554083024806e+03,4.644547456636133575e+03,4.645547359189241433e+03,4.646547261742350202e+03,4.647547164295458970e+03,4.648547066848567738e+03,4.649546969401675597e+03,4.650546871954784365e+03,4.651546774507893133e+03,4.652546677061001901e+03,4.653546579614109760e+03,4.654546482167218528e+03,4.655546384720327296e+03,4.656546287273436064e+03,4.657546189826543923e+03,4.658546092379652691e+03,4.659545994932761459e+03,4.660545897485870228e+03,4.661545800038978996e+03,4.662545702592086855e+03,4.663545605145195623e+03,4.664545507698304391e+03,4.665545410251413159e+03,4.666545312804521018e+03,4.667545215357629786e+03,4.668545117910738554e+03,4.669545020463847322e+03,4.670544923016955181e+03,4.671544825570063949e+03,4.672544728123172717e+03,4.673544630676281486e+03,4.674544533229390254e+03,4.675544435782498113e+03,4.676544338335606881e+03,4.677544240888715649e+03,4.678544143441824417e+03,4.679544045994932276e+03,4.680543948548041044e+03,4.681543851101149812e+03,4.682543753654258580e+03,4.683543656207366439e+03,4.684543558760475207e+03,4.685543461313583975e+03,4.686543363866692744e+03,4.687543266419800602e+03,4.688543168972909370e+03,4.689543071526018139e+03,4.690542974079126907e+03,4.691542876632235675e+03,4.692542779185343534e+03,4.693542681738452302e+03,4.694542584291561070e+03,4.695542486844669838e+03,4.696542389397777697e+03,4.697542291950886465e+03,4.698542194503995233e+03,4.699542097057104002e+03,4.700541999610211860e+03,4.701541902163320628e+03,4.702541804716429397e+03,4.703541707269538165e+03,4.704541609822646933e+03,4.705541512375754792e+03,4.706541414928863560e+03,4.707541317481972328e+03,4.708541220035081096e+03,4.709541122588188955e+03,4.710541025141297723e+03,4.711540927694406491e+03,4.712540830247515260e+03,4.713540732800623118e+03,4.714540635353731886e+03,4.715540537906840655e+03,4.716540440459949423e+03,4.717540343013057281e+03,4.718540245566166050e+03,4.719540148119274818e+03,4.720540050672383586e+03,4.721539953225492354e+03,4.722539855778600213e+03,4.723539758331708981e+03,4.724539660884817749e+03,4.725539563437926518e+03,4.726539465991034376e+03,4.727539368544143144e+03,4.728539271097251913e+03,4.729539173650360681e+03,4.730539076203468539e+03,4.731538978756577308e+03,4.732538881309686076e+03,4.733538783862794844e+03,4.734538686415903612e+03,4.735538588969011471e+03,4.736538491522120239e+03,4.737538394075229007e+03,4.738538296628337775e+03,4.739538199181445634e+03,4.740538101734554402e+03,4.741538004287663171e+03,4.742537906840771939e+03,4.743537809393879797e+03,4.744537711946988566e+03,4.745537614500097334e+03,4.746537517053206102e+03,4.747537419606313961e+03,4.748537322159422729e+03,4.749537224712531497e+03,4.750537127265640265e+03,4.751537029818749033e+03,4.752536932371856892e+03,4.753536834924965660e+03,4.754536737478074429e+03,4.755536640031183197e+03,4.756536542584291055e+03,4.757536445137399824e+03,4.758536347690508592e+03,4.759536250243617360e+03,4.760536152796725219e+03,4.761536055349833987e+03,4.762535957902942755e+03,4.763535860456051523e+03,4.764535763009160291e+03,4.765535665562268150e+03,4.766535568115376918e+03,4.767535470668485686e+03,4.768535373221594455e+03,4.769535275774702313e+03,4.770535178327811082e+03,4.771535080880919850e+03,4.772534983434028618e+03,4.773534885987136477e+03,4.774534788540245245e+03,4.775534691093354013e+03,4.776534593646462781e+03,4.777534496199570640e+03,4.778534398752679408e+03,4.779534301305788176e+03,4.780534203858896944e+03,4.781534106412005713e+03,4.782534008965113571e+03,4.783533911518222340e+03,4.784533814071331108e+03,4.785533716624439876e+03,4.786533619177547735e+03,4.787533521730656503e+03,4.788533424283765271e+03,4.789533326836874039e+03,4.790533229389981898e+03,4.791533131943090666e+03,4.792533034496199434e+03,4.793532937049308202e+03,4.794532839602416971e+03,4.795532742155524829e+03,4.796532644708633597e+03,4.797532547261742366e+03,4.798532449814851134e+03,4.799532352367958993e+03,4.800532254921067761e+03,4.801532157474176529e+03,4.802532060027285297e+03,4.803531962580393156e+03,4.804531865133501924e+03,4.805531767686610692e+03,4.806531670239719460e+03,4.807531572792827319e+03,4.808531475345936087e+03,4.809531377899044855e+03,4.810531280452153624e+03,4.811531183005262392e+03,4.812531085558370251e+03,4.813530988111479019e+03,4.814530890664587787e+03,4.815530793217696555e+03,4.816530695770804414e+03,4.817530598323913182e+03,4.818530500877021950e+03,4.819530403430130718e+03,4.820530305983238577e+03,4.821530208536347345e+03,4.822530111089456113e+03,4.823530013642564882e+03,4.824529916195672740e+03,4.825529818748781508e+03,4.826529721301890277e+03,4.827529623854999045e+03,4.828529526408107813e+03,4.829529428961215672e+03,4.830529331514324440e+03,4.831529234067433208e+03,4.832529136620541976e+03,4.833529039173649835e+03,4.834528941726758603e+03,4.835528844279867371e+03,4.836528746832976140e+03,4.837528649386083998e+03,4.838528551939192766e+03,4.839528454492301535e+03,4.840528357045410303e+03,4.841528259598519071e+03,4.842528162151626930e+03,4.843528064704735698e+03,4.844527967257844466e+03,4.845527869810953234e+03,4.846527772364061093e+03,4.847527674917169861e+03,4.848527577470278629e+03,4.849527480023387398e+03,4.850527382576495256e+03,4.851527285129604024e+03,4.852527187682712793e+03,4.853527090235821561e+03,4.854526992788929419e+03,4.855526895342038188e+03,4.856526797895146956e+03,4.857526700448255724e+03,4.858526603001364492e+03,4.859526505554472351e+03,4.860526408107581119e+03,4.861526310660689887e+03,4.862526213213798655e+03,4.863526115766906514e+03,4.864526018320015282e+03,4.865525920873124051e+03,4.866525823426232819e+03,4.867525725979340677e+03,4.868525628532449446e+03,4.869525531085558214e+03,4.870525433638666982e+03,4.871525336191775750e+03,4.872525238744883609e+03,4.873525141297992377e+03,4.874525043851101145e+03,4.875524946404209913e+03,4.876524848957317772e+03,4.877524751510426540e+03,4.878524654063535309e+03,4.879524556616644077e+03,4.880524459169751935e+03,4.881524361722860704e+03,4.882524264275969472e+03,4.883524166829078240e+03,4.884524069382186099e+03,4.885523971935294867e+03,4.886523874488403635e+03,4.887523777041512403e+03,4.888523679594621171e+03,4.889523582147729030e+03,4.890523484700837798e+03,4.891523387253946566e+03,4.892523289807055335e+03,4.893523192360163193e+03,4.894523094913271962e+03,4.895522997466380730e+03,4.896522900019489498e+03,4.897522802572597357e+03,4.898522705125706125e+03,4.899522607678814893e+03,4.900522510231923661e+03,4.901522412785032429e+03,4.902522315338140288e+03,4.903522217891249056e+03,4.904522120444357824e+03,4.905522022997466593e+03,4.906521925550574451e+03,4.907521828103683220e+03,4.908521730656791988e+03,4.909521633209900756e+03,4.910521535763008615e+03,4.911521438316117383e+03,4.912521340869226151e+03,4.913521243422334919e+03,4.914521145975442778e+03,4.915521048528551546e+03,4.916520951081660314e+03,4.917520853634769082e+03,4.918520756187877851e+03,4.919520658740985709e+03,4.920520561294094477e+03,4.921520463847203246e+03,4.922520366400312014e+03,4.923520268953419873e+03,4.924520171506528641e+03,4.925520074059637409e+03,4.926519976612746177e+03,4.927519879165854036e+03,4.928519781718962804e+03,4.929519684272071572e+03,4.930519586825180340e+03,4.931519489378289109e+03,4.932519391931396967e+03,4.933519294484505735e+03,4.934519197037614504e+03,4.935519099590723272e+03,4.936519002143831131e+03,4.937518904696939899e+03,4.938518807250048667e+03,4.939518709803157435e+03,4.940518612356265294e+03,4.941518514909374062e+03,4.942518417462482830e+03,4.943518320015591598e+03,4.944518222568699457e+03,4.945518125121808225e+03,4.946518027674916993e+03,4.947517930228025762e+03,4.948517832781134530e+03,4.949517735334242388e+03,4.950517637887351157e+03,4.951517540440459925e+03,4.952517442993568693e+03,4.953517345546676552e+03,4.954517248099785320e+03,4.955517150652894088e+03,4.956517053206002856e+03,4.957516955759110715e+03,4.958516858312219483e+03,4.959516760865328251e+03,4.960516663418437020e+03,4.961516565971545788e+03,4.962516468524653646e+03,4.963516371077762415e+03,4.964516273630871183e+03,4.965516176183979951e+03,4.966516078737087810e+03,4.967515981290196578e+03,4.968515883843305346e+03,4.969515786396414114e+03,4.970515688949521973e+03,4.971515591502630741e+03,4.972515494055739509e+03,4.973515396608848278e+03,4.974515299161956136e+03,4.975515201715064904e+03,4.976515104268173673e+03,4.977515006821282441e+03,4.978514909374391209e+03,4.979514811927499068e+03,4.980514714480607836e+03,4.981514617033716604e+03,4.982514519586825372e+03,4.983514422139933231e+03,4.984514324693041999e+03,4.985514227246150767e+03,4.986514129799259536e+03,4.987514032352367394e+03,4.988513934905476162e+03,4.989513837458584931e+03,4.990513740011693699e+03,4.991513642564801557e+03,4.992513545117910326e+03,4.993513447671019094e+03,4.994513350224127862e+03,4.995513252777236630e+03,4.996513155330344489e+03,4.997513057883453257e+03,4.998512960436562025e+03,4.999512862989670793e+03,5.000512765542778652e+03,5.001512668095887420e+03,5.002512570648996189e+03,5.003512473202104957e+03,5.004512375755212815e+03,5.005512278308321584e+03,5.006512180861430352e+03,5.007512083414539120e+03,5.008511985967647888e+03,5.009511888520755747e+03,5.010511791073864515e+03,5.011511693626973283e+03,5.012511596180082051e+03,5.013511498733189910e+03,5.014511401286298678e+03,5.015511303839407447e+03,5.016511206392516215e+03,5.017511108945624073e+03,5.018511011498732842e+03,5.019510914051841610e+03,5.020510816604950378e+03,5.021510719158058237e+03,5.022510621711167005e+03,5.023510524264275773e+03,5.024510426817384541e+03,5.025510329370493309e+03,5.026510231923601168e+03,5.027510134476709936e+03,5.028510037029818704e+03,5.029509939582927473e+03,5.030509842136035331e+03,5.031509744689144100e+03,5.032509647242252868e+03,5.033509549795361636e+03,5.034509452348469495e+03,5.035509354901578263e+03,5.036509257454687031e+03,5.037509160007795799e+03,5.038509062560904567e+03,5.039508965114012426e+03,5.040508867667121194e+03,5.041508770220229962e+03,5.042508672773338731e+03,5.043508575326446589e+03,5.044508477879555358e+03,5.045508380432664126e+03,5.046508282985772894e+03,5.047508185538880753e+03,5.048508088091989521e+03,5.049507990645098289e+03,5.050507893198207057e+03,5.051507795751314916e+03,5.052507698304423684e+03,5.053507600857532452e+03,5.054507503410641220e+03,5.055507405963749989e+03,5.056507308516857847e+03,5.057507211069966615e+03,5.058507113623075384e+03,5.059507016176184152e+03,5.060506918729292011e+03,5.061506821282400779e+03,5.062506723835509547e+03,5.063506626388618315e+03,5.064506528941726174e+03,5.065506431494834942e+03,5.066506334047943710e+03,5.067506236601052478e+03,5.068506139154161247e+03,5.069506041707269105e+03,5.070505944260377873e+03,5.071505846813486642e+03,5.072505749366595410e+03,5.073505651919703269e+03,5.074505554472812037e+03,5.075505457025920805e+03,5.076505359579029573e+03,5.077505262132137432e+03,5.078505164685246200e+03,5.079505067238354968e+03,5.080504969791463736e+03,5.081504872344571595e+03,5.082504774897680363e+03,5.083504677450789131e+03,5.084504580003897900e+03,5.085504482557006668e+03,5.086504385110114526e+03,5.087504287663223295e+03,5.088504190216332063e+03,5.089504092769440831e+03,5.090503995322548690e+03,5.091503897875657458e+03,5.092503800428766226e+03,5.093503702981874994e+03,5.094503605534982853e+03,5.095503508088091621e+03,5.096503410641200389e+03,5.097503313194309158e+03,5.098503215747417926e+03,5.099503118300525784e+03,5.100503020853634553e+03,5.101502923406743321e+03,5.102502825959852089e+03,5.103502728512959948e+03,5.104502631066068716e+03,5.105502533619177484e+03,5.106502436172286252e+03,5.107502338725394111e+03,5.108502241278502879e+03,5.109502143831611647e+03,5.110502046384720416e+03,5.111501948937828274e+03,5.112501851490937042e+03,5.113501754044045811e+03,5.114501656597154579e+03,5.115501559150263347e+03,5.116501461703371206e+03,5.117501364256479974e+03,5.118501266809588742e+03,5.119501169362697510e+03,5.120501071915805369e+03,5.121500974468914137e+03,5.122500877022022905e+03,5.123500779575131673e+03,5.124500682128239532e+03,5.125500584681348300e+03,5.126500487234457069e+03,5.127500389787565837e+03,5.128500292340674605e+03,5.129500194893782464e+03,5.130500097446891232e+03,5.131500000000000000e+03,5.132499902553108768e+03,5.133499805106216627e+03,5.134499707659325395e+03,5.135499610212434163e+03,5.136499512765542931e+03,5.137499415318650790e+03,5.138499317871759558e+03,5.139499220424868327e+03,5.140499122977977095e+03,5.141499025531084953e+03,5.142498928084193722e+03,5.143498830637302490e+03,5.144498733190411258e+03,5.145498635743520026e+03,5.146498538296627885e+03,5.147498440849736653e+03,5.148498343402845421e+03,5.149498245955954189e+03,5.150498148509062048e+03,5.151498051062170816e+03,5.152497953615279584e+03,5.153497856168388353e+03,5.154497758721496211e+03,5.155497661274604980e+03,5.156497563827713748e+03,5.157497466380822516e+03,5.158497368933931284e+03,5.159497271487039143e+03,5.160497174040147911e+03,5.161497076593256679e+03,5.162496979146365447e+03,5.163496881699473306e+03,5.164496784252582074e+03,5.165496686805690842e+03,5.166496589358799611e+03,5.167496491911907469e+03,5.168496394465016238e+03,5.169496297018125006e+03,5.170496199571233774e+03,5.171496102124341633e+03,5.172496004677450401e+03,5.173495907230559169e+03,5.174495809783667937e+03,5.175495712336776705e+03,5.176495614889884564e+03,5.177495517442993332e+03,5.178495419996102100e+03,5.179495322549210869e+03,5.180495225102318727e+03,5.181495127655427495e+03,5.182495030208536264e+03,5.183494932761645032e+03,5.184494835314752891e+03,5.185494737867861659e+03,5.186494640420970427e+03,5.187494542974079195e+03,5.188494445527187054e+03,5.189494348080295822e+03,5.190494250633404590e+03,5.191494153186513358e+03,5.192494055739622127e+03,5.193493958292729985e+03,5.194493860845838753e+03,5.195493763398947522e+03,5.196493665952056290e+03,5.197493568505164149e+03,5.198493471058272917e+03,5.199493373611381685e+03,5.200493276164490453e+03,5.201493178717598312e+03,5.202493081270707080e+03,5.203492983823815848e+03,5.204492886376924616e+03,5.205492788930033385e+03,5.206492691483141243e+03,5.207492594036250011e+03,5.208492496589358780e+03,5.209492399142467548e+03,5.210492301695575406e+03,5.211492204248684175e+03,5.212492106801792943e+03,5.213492009354901711e+03,5.214491911908009570e+03,5.215491814461118338e+03,5.216491717014227106e+03,5.217491619567335874e+03,5.218491522120443733e+03,5.219491424673552501e+03,5.220491327226661269e+03,5.221491229779770038e+03,5.222491132332878806e+03,5.223491034885986664e+03,5.224490937439095433e+03,5.225490839992204201e+03,5.226490742545312969e+03,5.227490645098420828e+03,5.228490547651529596e+03,5.229490450204638364e+03,5.230490352757747132e+03,5.231490255310854991e+03,5.232490157863963759e+03,5.233490060417072527e+03,5.234489962970181296e+03,5.235489865523290064e+03,5.236489768076397922e+03,5.237489670629506691e+03,5.238489573182615459e+03,5.239489475735724227e+03,5.240489378288832086e+03,5.241489280841940854e+03,5.242489183395049622e+03,5.243489085948158390e+03,5.244488988501266249e+03,5.245488891054375017e+03,5.246488793607483785e+03,5.247488696160592553e+03,5.248488598713700412e+03,5.249488501266809180e+03,5.250488403819917949e+03,5.251488306373026717e+03,5.252488208926135485e+03,5.253488111479243344e+03,5.254488014032352112e+03,5.255487916585460880e+03,5.256487819138569648e+03,5.257487721691677507e+03,5.258487624244786275e+03,5.259487526797895043e+03,5.260487429351003811e+03,5.261487331904111670e+03,5.262487234457220438e+03,5.263487137010329207e+03,5.264487039563437975e+03,5.265486942116546743e+03,5.266486844669654602e+03,5.267486747222763370e+03,5.268486649775872138e+03,5.269486552328980906e+03,5.270486454882088765e+03,5.271486357435197533e+03,5.272486259988306301e+03,5.273486162541415069e+03,5.274486065094522928e+03,5.275485967647631696e+03,5.276485870200740464e+03,5.277485772753849233e+03,5.278485675306957091e+03,5.279485577860065860e+03,5.280485480413174628e+03,5.281485382966283396e+03,5.282485285519392164e+03,5.283485188072500023e+03,5.284485090625608791e+03,5.285484993178717559e+03,5.286484895731826327e+03,5.287484798284934186e+03,5.288484700838042954e+03,5.289484603391151722e+03,5.290484505944260491e+03,5.291484408497368349e+03,5.292484311050477118e+03,5.293484213603585886e+03,5.294484116156694654e+03,5.295484018709803422e+03,5.296483921262911281e+03,5.297483823816020049e+03,5.298483726369128817e+03,5.299483628922237585e+03,5.300483531475345444e+03,5.301483434028454212e+03,5.302483336581562980e+03,5.303483239134671749e+03,5.304483141687779607e+03,5.305483044240888375e+03,5.306482946793997144e+03,5.307482849347105912e+03,5.308482751900213771e+03,5.309482654453322539e+03,5.310482557006431307e+03,5.311482459559540075e+03,5.312482362112648843e+03,5.313482264665756702e+03,5.314482167218865470e+03,5.315482069771974238e+03,5.316481972325083007e+03,5.317481874878190865e+03,5.318481777431299633e+03,5.319481679984408402e+03,5.320481582537517170e+03,5.321481485090625029e+03,5.322481387643733797e+03,5.323481290196842565e+03,5.324481192749951333e+03,5.325481095303060101e+03,5.326480997856167960e+03,5.327480900409276728e+03,5.328480802962385496e+03,5.329480705515494265e+03,5.330480608068602123e+03,5.331480510621710891e+03,5.332480413174819660e+03,5.333480315727928428e+03,5.334480218281036286e+03,5.335480120834145055e+03,5.336480023387253823e+03,5.337479925940362591e+03,5.338479828493470450e+03,5.339479731046579218e+03,5.340479633599687986e+03,5.341479536152796754e+03,5.342479438705905523e+03,5.343479341259013381e+03,5.344479243812122149e+03,5.345479146365230918e+03,5.346479048918339686e+03,5.347478951471447544e+03,5.348478854024556313e+03,5.349478756577665081e+03,5.350478659130773849e+03,5.351478561683881708e+03,5.352478464236990476e+03,5.353478366790099244e+03,5.354478269343208012e+03,5.355478171896315871e+03,5.356478074449424639e+03,5.357477977002533407e+03,5.358477879555642176e+03,5.359477782108750944e+03,5.360477684661858802e+03,5.361477587214967571e+03,5.362477489768076339e+03,5.363477392321185107e+03,5.364477294874292966e+03,5.365477197427401734e+03,5.366477099980510502e+03,5.367477002533619270e+03,5.368476905086727129e+03,5.369476807639835897e+03,5.370476710192944665e+03,5.371476612746053434e+03,5.372476515299162202e+03,5.373476417852270060e+03,5.374476320405378829e+03,5.375476222958487597e+03,5.376476125511596365e+03,5.377476028064704224e+03,5.378475930617812992e+03,5.379475833170921760e+03,5.380475735724030528e+03,5.381475638277138387e+03,5.382475540830247155e+03,5.383475443383355923e+03,5.384475345936464691e+03,5.385475248489572550e+03,5.386475151042681318e+03,5.387475053595790087e+03,5.388474956148898855e+03,5.389474858702007623e+03,5.390474761255115482e+03,5.391474663808224250e+03,5.392474566361333018e+03,5.393474468914441786e+03,5.394474371467549645e+03,5.395474274020658413e+03,5.396474176573767181e+03,5.397474079126875949e+03,5.398473981679983808e+03,5.399473884233092576e+03,5.400473786786201345e+03,5.401473689339310113e+03,5.402473591892418881e+03,5.403473494445526740e+03,5.404473396998635508e+03,5.405473299551744276e+03,5.406473202104853044e+03,5.407473104657960903e+03,5.408473007211069671e+03,5.409472909764178439e+03,5.410472812317287207e+03,5.411472714870395066e+03,5.412472617423503834e+03,5.413472519976612602e+03,5.414472422529721371e+03,5.415472325082829229e+03,5.416472227635937998e+03,5.417472130189046766e+03,5.418472032742155534e+03,5.419471935295264302e+03,5.420471837848372161e+03,5.421471740401480929e+03,5.422471642954589697e+03,5.423471545507698465e+03,5.424471448060806324e+03,5.425471350613915092e+03,5.426471253167023860e+03,5.427471155720132629e+03,5.428471058273240487e+03,5.429470960826349256e+03,5.430470863379458024e+03,5.431470765932566792e+03,5.432470668485675560e+03,5.433470571038783419e+03,5.434470473591892187e+03,5.435470376145000955e+03,5.436470278698109723e+03,5.437470181251217582e+03,5.438470083804326350e+03,5.439469986357435118e+03,5.440469888910543887e+03,5.441469791463651745e+03,5.442469694016760513e+03,5.443469596569869282e+03,5.444469499122978050e+03,5.445469401676085909e+03,5.446469304229194677e+03,5.447469206782303445e+03,5.448469109335412213e+03,5.449469011888520981e+03,5.450468914441628840e+03,5.451468816994737608e+03,5.452468719547846376e+03,5.453468622100955145e+03,5.454468524654063003e+03,5.455468427207171771e+03,5.456468329760280540e+03,5.457468232313389308e+03,5.458468134866497167e+03,5.459468037419605935e+03,5.460467939972714703e+03,5.461467842525823471e+03,5.462467745078932239e+03,5.463467647632040098e+03,5.464467550185148866e+03,5.465467452738257634e+03,5.466467355291366403e+03,5.467467257844474261e+03,5.468467160397583029e+03,5.469467062950691798e+03,5.470466965503800566e+03,5.471466868056908424e+03,5.472466770610017193e+03,5.473466673163125961e+03,5.474466575716234729e+03,5.475466478269342588e+03,5.476466380822451356e+03,5.477466283375560124e+03,5.478466185928668892e+03,5.479466088481777660e+03,5.480465991034885519e+03,5.481465893587994287e+03,5.482465796141103056e+03,5.483465698694211824e+03,5.484465601247319682e+03,5.485465503800428451e+03,5.486465406353537219e+03,5.487465308906645987e+03,5.488465211459753846e+03,5.489465114012862614e+03,5.490465016565971382e+03,5.491464919119080150e+03,5.492464821672188918e+03,5.493464724225296777e+03,5.494464626778405545e+03,5.495464529331514314e+03,5.496464431884623082e+03,5.497464334437730940e+03,5.498464236990839709e+03,5.499464139543948477e+03,5.500464042097057245e+03,5.501463944650165104e+03,5.502463847203273872e+03,5.503463749756382640e+03,5.504463652309491408e+03,5.505463554862599267e+03,5.506463457415708035e+03,5.507463359968816803e+03,5.508463262521925571e+03,5.509463165075034340e+03,5.510463067628142198e+03,5.511462970181250967e+03,5.512462872734359735e+03,5.513462775287468503e+03,5.514462677840576362e+03,5.515462580393685130e+03,5.516462482946793898e+03,5.517462385499902666e+03,5.518462288053010525e+03,5.519462190606119293e+03,5.520462093159228061e+03,5.521461995712336829e+03,5.522461898265444688e+03,5.523461800818553456e+03,5.524461703371662225e+03,5.525461605924770993e+03,5.526461508477879761e+03,5.527461411030987620e+03,5.528461313584096388e+03,5.529461216137205156e+03,5.530461118690313924e+03,5.531461021243421783e+03,5.532460923796530551e+03,5.533460826349639319e+03,5.534460728902748087e+03,5.535460631455855946e+03,5.536460534008964714e+03,5.537460436562073482e+03,5.538460339115182251e+03,5.539460241668291019e+03,5.540460144221398878e+03,5.541460046774507646e+03,5.542459949327616414e+03,5.543459851880725182e+03,5.544459754433833041e+03,5.545459656986941809e+03,5.546459559540050577e+03,5.547459462093159345e+03,5.548459364646267204e+03,5.549459267199375972e+03,5.550459169752484740e+03,5.551459072305593509e+03,5.552458974858701367e+03,5.553458877411810136e+03,5.554458779964918904e+03,5.555458682518027672e+03,5.556458585071136440e+03,5.557458487624244299e+03,5.558458390177353067e+03,5.559458292730461835e+03,5.560458195283570603e+03,5.561458097836678462e+03,5.562458000389787230e+03,5.563457902942895998e+03,5.564457805496004767e+03,5.565457708049112625e+03,5.566457610602221393e+03,5.567457513155330162e+03,5.568457415708438930e+03,5.569457318261547698e+03,5.570457220814655557e+03,5.571457123367764325e+03,5.572457025920873093e+03,5.573456928473981861e+03,5.574456831027089720e+03,5.575456733580198488e+03,5.576456636133307256e+03,5.577456538686416025e+03,5.578456441239523883e+03,5.579456343792632651e+03,5.580456246345741420e+03,5.581456148898850188e+03,5.582456051451958047e+03,5.583455954005066815e+03,5.584455856558175583e+03,5.585455759111284351e+03,5.586455661664393119e+03,5.587455564217500978e+03,5.588455466770609746e+03,5.589455369323718514e+03,5.590455271876827283e+03,5.591455174429935141e+03,5.592455076983043909e+03,5.593454979536152678e+03,5.594454882089261446e+03,5.595454784642369304e+03,5.596454687195478073e+03,5.597454589748586841e+03,5.598454492301695609e+03,5.599454394854804377e+03,5.600454297407912236e+03,5.601454199961021004e+03,5.602454102514129772e+03,5.603454005067238541e+03,5.604453907620346399e+03,5.605453810173455167e+03,5.606453712726563936e+03,5.607453615279672704e+03,5.608453517832780562e+03,5.609453420385889331e+03,5.610453322938998099e+03,5.611453225492106867e+03,5.612453128045214726e+03,5.613453030598323494e+03,5.614452933151432262e+03,5.615452835704541030e+03,5.616452738257649798e+03,5.617452640810757657e+03,5.618452543363866425e+03,5.619452445916975194e+03,5.620452348470083962e+03,5.621452251023191820e+03,5.622452153576300589e+03,5.623452056129409357e+03,5.624451958682518125e+03,5.625451861235625984e+03,5.626451763788734752e+03,5.627451666341843520e+03,5.628451568894952288e+03,5.629451471448061056e+03,5.630451374001168915e+03,5.631451276554277683e+03,5.632451179107386452e+03,5.633451081660495220e+03,5.634450984213603078e+03,5.635450886766711847e+03,5.636450789319820615e+03,5.637450691872929383e+03,5.638450594426037242e+03,5.639450496979146010e+03,5.640450399532254778e+03,5.641450302085363546e+03,5.642450204638471405e+03,5.643450107191580173e+03,5.644450009744688941e+03,5.645449912297797709e+03,5.646449814850906478e+03,5.647449717404014336e+03,5.648449619957123105e+03,5.649449522510231873e+03,5.650449425063340641e+03,5.651449327616448500e+03,5.652449230169557268e+03,5.653449132722666036e+03,5.654449035275774804e+03,5.655448937828882663e+03,5.656448840381991431e+03,5.657448742935100199e+03,5.658448645488208967e+03,5.659448548041317736e+03,5.660448450594425594e+03,5.661448353147534363e+03,5.662448255700643131e+03,5.663448158253751899e+03,5.664448060806859758e+03,5.665447963359968526e+03,5.666447865913077294e+03,5.667447768466186062e+03,5.668447671019293921e+03,5.669447573572402689e+03,5.670447476125511457e+03,5.671447378678620225e+03,5.672447281231728084e+03,5.673447183784836852e+03,5.674447086337945620e+03,5.675446988891054389e+03,5.676446891444163157e+03,5.677446793997271016e+03,5.678446696550379784e+03,5.679446599103488552e+03,5.680446501656597320e+03,5.681446404209705179e+03,5.682446306762813947e+03,5.683446209315922715e+03,5.684446111869031483e+03,5.685446014422139342e+03,5.686445916975248110e+03,5.687445819528356878e+03,5.688445722081465647e+03,5.689445624634574415e+03,5.690445527187682274e+03,5.691445429740791042e+03,5.692445332293899810e+03,5.693445234847008578e+03,5.694445137400116437e+03,5.695445039953225205e+03,5.696444942506333973e+03,5.697444845059442741e+03,5.698444747612550600e+03,5.699444650165659368e+03,5.700444552718768136e+03,5.701444455271876905e+03,5.702444357824984763e+03,5.703444260378093531e+03,5.704444162931202300e+03,5.705444065484311068e+03,5.706443968037419836e+03,5.707443870590527695e+03,5.708443773143636463e+03,5.709443675696745231e+03,5.710443578249853999e+03,5.711443480802961858e+03,5.712443383356070626e+03,5.713443285909179394e+03,5.714443188462288163e+03,5.715443091015396021e+03,5.716442993568504789e+03,5.717442896121613558e+03,5.718442798674722326e+03,5.719442701227830185e+03,5.720442603780938953e+03,5.721442506334047721e+03,5.722442408887156489e+03,5.723442311440265257e+03,5.724442213993373116e+03,5.725442116546481884e+03,5.726442019099590652e+03,5.727441921652699421e+03,5.728441824205807279e+03,5.729441726758916047e+03,5.730441629312024816e+03,5.731441531865133584e+03,5.732441434418241442e+03,5.733441336971350211e+03,5.734441239524458979e+03,5.735441142077567747e+03,5.736441044630676515e+03,5.737440947183784374e+03,5.738440849736893142e+03,5.739440752290001910e+03,5.740440654843110678e+03,5.741440557396218537e+03,5.742440459949327305e+03,5.743440362502436074e+03,5.744440265055544842e+03,5.745440167608652700e+03,5.746440070161761469e+03,5.747439972714870237e+03,5.748439875267979005e+03,5.749439777821086864e+03,5.750439680374195632e+03,5.751439582927304400e+03,5.752439485480413168e+03,5.753439388033521936e+03,5.754439290586629795e+03,5.755439193139738563e+03,5.756439095692847332e+03,5.757438998245956100e+03,5.758438900799063958e+03,5.759438803352172727e+03,5.760438705905281495e+03,5.761438608458390263e+03,5.762438511011498122e+03,5.763438413564606890e+03,5.764438316117715658e+03,5.765438218670824426e+03,5.766438121223933194e+03,5.767438023777041053e+03,5.768437926330149821e+03,5.769437828883258589e+03,5.770437731436367358e+03,5.771437633989475216e+03,5.772437536542583985e+03,5.773437439095692753e+03,5.774437341648801521e+03,5.775437244201909380e+03,5.776437146755018148e+03,5.777437049308126916e+03,5.778436951861235684e+03,5.779436854414343543e+03,5.780436756967452311e+03,5.781436659520561079e+03,5.782436562073669847e+03,5.783436464626778616e+03,5.784436367179886474e+03,5.785436269732995243e+03,5.786436172286104011e+03,5.787436074839212779e+03,5.788435977392320638e+03,5.789435879945429406e+03,5.790435782498538174e+03,5.791435685051646942e+03,5.792435587604754801e+03,5.793435490157863569e+03,5.794435392710972337e+03,5.795435295264081105e+03,5.796435197817189874e+03,5.797435100370297732e+03,5.798435002923406500e+03,5.799434905476515269e+03,5.800434808029624037e+03,5.801434710582731896e+03,5.802434613135840664e+03,5.803434515688949432e+03,5.804434418242058200e+03,5.805434320795166059e+03,5.806434223348274827e+03,5.807434125901383595e+03,5.808434028454492363e+03,5.809433931007600222e+03,5.810433833560708990e+03,5.811433736113817758e+03,5.812433638666926527e+03,5.813433541220035295e+03,5.814433443773143154e+03,5.815433346326251922e+03,5.816433248879360690e+03,5.817433151432469458e+03,5.818433053985577317e+03,5.819432956538686085e+03,5.820432859091794853e+03,5.821432761644903621e+03,5.822432664198011480e+03,5.823432566751120248e+03,5.824432469304229016e+03,5.825432371857337785e+03,5.826432274410446553e+03,5.827432176963554411e+03,5.828432079516663180e+03,5.829431982069771948e+03,5.830431884622880716e+03,5.831431787175988575e+03,5.832431689729097343e+03,5.833431592282206111e+03,5.834431494835314879e+03,5.835431397388422738e+03,5.836431299941531506e+03,5.837431202494640274e+03,5.838431105047749043e+03,5.839431007600856901e+03,5.840430910153965669e+03,5.841430812707074438e+03,5.842430715260183206e+03,5.843430617813291974e+03,5.844430520366399833e+03,5.845430422919508601e+03,5.846430325472617369e+03,5.847430228025726137e+03,5.848430130578833996e+03,5.849430033131942764e+03,5.850429935685051532e+03,5.851429838238160301e+03,5.852429740791268159e+03,5.853429643344376927e+03,5.854429545897485696e+03,5.855429448450594464e+03,5.856429351003703232e+03,5.857429253556811091e+03,5.858429156109919859e+03,5.859429058663028627e+03,5.860428961216137395e+03,5.861428863769245254e+03,5.862428766322354022e+03,5.863428668875462790e+03,5.864428571428571558e+03,5.865428473981679417e+03,5.866428376534788185e+03,5.867428279087896954e+03,5.868428181641005722e+03,5.869428084194113580e+03,5.870427986747222349e+03,5.871427889300331117e+03,5.872427791853439885e+03,5.873427694406548653e+03,5.874427596959656512e+03,5.875427499512765280e+03,5.876427402065874048e+03,5.877427304618982816e+03,5.878427207172090675e+03,5.879427109725199443e+03,5.880427012278308212e+03,5.881426914831416980e+03,5.882426817384524838e+03,5.883426719937633607e+03,5.884426622490742375e+03,5.885426525043851143e+03,5.886426427596959002e+03,5.887426330150067770e+03,5.888426232703176538e+03,5.889426135256285306e+03,5.890426037809394074e+03,5.891425940362501933e+03,5.892425842915610701e+03,5.893425745468719469e+03,5.894425648021828238e+03,5.895425550574936096e+03,5.896425453128044865e+03,5.897425355681153633e+03,5.898425258234262401e+03,5.899425160787370260e+03,5.900425063340479028e+03,5.901424965893587796e+03,5.902424868446696564e+03,5.903424770999805332e+03,5.904424673552913191e+03,5.905424576106021959e+03,5.906424478659130727e+03,5.907424381212239496e+03,5.908424283765347354e+03,5.909424186318456123e+03,5.910424088871564891e+03,5.911423991424673659e+03,5.912423893977781518e+03,5.913423796530890286e+03,5.914423699083999054e+03,5.915423601637107822e+03,5.916423504190215681e+03,5.917423406743324449e+03,5.918423309296433217e+03,5.919423211849541985e+03,5.920423114402650754e+03,5.921423016955758612e+03,5.922422919508867381e+03,5.923422822061976149e+03,5.924422724615084917e+03,5.925422627168192776e+03,5.926422529721301544e+03,5.927422432274410312e+03,5.928422334827519080e+03,5.929422237380626939e+03,5.930422139933735707e+03,5.931422042486844475e+03,5.932421945039953243e+03,5.933421847593062012e+03,5.934421750146169870e+03,5.935421652699278638e+03,5.936421555252387407e+03,5.937421457805496175e+03,5.938421360358604034e+03,5.939421262911712802e+03,5.940421165464821570e+03,5.941421068017930338e+03,5.942420970571038197e+03,5.943420873124146965e+03,5.944420775677255733e+03,5.945420678230364501e+03,5.946420580783472360e+03,5.947420483336581128e+03,5.948420385889689896e+03,5.949420288442798665e+03,5.950420190995907433e+03,5.951420093549015292e+03,5.952419996102124060e+03,5.953419898655232828e+03,5.954419801208341596e+03,5.955419703761449455e+03,5.956419606314558223e+03,5.957419508867666991e+03,5.958419411420775759e+03,5.959419313973883618e+03,5.960419216526992386e+03,5.961419119080101154e+03,5.962419021633209923e+03,5.963418924186318691e+03,5.964418826739426549e+03,5.965418729292535318e+03,5.966418631845644086e+03,5.967418534398752854e+03,5.968418436951860713e+03,5.969418339504969481e+03,5.970418242058078249e+03,5.971418144611187017e+03,5.972418047164294876e+03,5.973417949717403644e+03,5.974417852270512412e+03,5.975417754823621181e+03,5.976417657376729039e+03,5.977417559929837807e+03,5.978417462482946576e+03,5.979417365036055344e+03,5.980417267589164112e+03,5.981417170142271971e+03,5.982417072695380739e+03,5.983416975248489507e+03,5.984416877801598275e+03,5.985416780354706134e+03,5.986416682907814902e+03,5.987416585460923670e+03,5.988416488014032439e+03,5.989416390567140297e+03,5.990416293120249065e+03,5.991416195673357834e+03,5.992416098226466602e+03,5.993416000779575370e+03,5.994415903332683229e+03,5.995415805885791997e+03,5.996415708438900765e+03,5.997415610992009533e+03,5.998415513545117392e+03,5.999415416098226160e+03,6.000415318651334928e+03,6.001415221204443696e+03,6.002415123757551555e+03,6.003415026310660323e+03,6.004414928863769092e+03,6.005414831416877860e+03,6.006414733969985718e+03,6.007414636523094487e+03,6.008414539076203255e+03,6.009414441629312023e+03,6.010414344182420791e+03,6.011414246735528650e+03,6.012414149288637418e+03,6.013414051841746186e+03,6.014413954394854954e+03,6.015413856947962813e+03,6.016413759501071581e+03,6.017413662054180350e+03,6.018413564607289118e+03,6.019413467160396976e+03,6.020413369713505745e+03,6.021413272266614513e+03,6.022413174819723281e+03,6.023413077372832049e+03,6.024412979925939908e+03,6.025412882479048676e+03,6.026412785032157444e+03,6.027412687585266212e+03,6.028412590138374071e+03,6.029412492691482839e+03,6.030412395244591607e+03,6.031412297797700376e+03,6.032412200350808234e+03,6.033412102903917003e+03,6.034412005457025771e+03,6.035411908010134539e+03,6.036411810563242398e+03,6.037411713116351166e+03,6.038411615669459934e+03,6.039411518222568702e+03,6.040411420775677470e+03,6.041411323328785329e+03,6.042411225881894097e+03,6.043411128435002865e+03,6.044411030988111634e+03,6.045410933541219492e+03,6.046410836094328261e+03,6.047410738647437029e+03,6.048410641200545797e+03,6.049410543753653656e+03,6.050410446306762424e+03,6.051410348859871192e+03,6.052410251412979960e+03,6.053410153966088728e+03,6.054410056519196587e+03,6.055409959072305355e+03,6.056409861625414123e+03,6.057409764178522892e+03,6.058409666731630750e+03,6.059409569284739518e+03,6.060409471837848287e+03,6.061409374390957055e+03,6.062409276944064914e+03,6.063409179497173682e+03,6.064409082050282450e+03,6.065408984603391218e+03,6.066408887156499077e+03,6.067408789709607845e+03,6.068408692262716613e+03,6.069408594815825381e+03,6.070408497368934150e+03,6.071408399922042008e+03,6.072408302475150776e+03,6.073408205028259545e+03,6.074408107581368313e+03,6.075408010134476172e+03,6.076407912687584940e+03,6.077407815240693708e+03,6.078407717793802476e+03,6.079407620346910335e+03,6.080407522900019103e+03,6.081407425453127871e+03,6.082407328006236639e+03,6.083407230559344498e+03,6.084407133112453266e+03,6.085407035665562034e+03,6.086406938218670803e+03,6.087406840771779571e+03,6.088406743324887429e+03,6.089406645877996198e+03,6.090406548431104966e+03,6.091406450984213734e+03,6.092406353537321593e+03,6.093406256090430361e+03,6.094406158643539129e+03,6.095406061196647897e+03,6.096405963749755756e+03,6.097405866302864524e+03,6.098405768855973292e+03,6.099405671409082061e+03,6.100405573962190829e+03,6.101405476515298687e+03,6.102405379068407456e+03,6.103405281621516224e+03,6.104405184174624992e+03,6.105405086727732851e+03,6.106404989280841619e+03,6.107404891833950387e+03,6.108404794387059155e+03,6.109404696940167014e+03,6.110404599493275782e+03,6.111404502046384550e+03,6.112404404599493319e+03,6.113404307152601177e+03,6.114404209705709945e+03,6.115404112258818714e+03,6.116404014811927482e+03,6.117403917365036250e+03,6.118403819918144109e+03,6.119403722471252877e+03,6.120403625024361645e+03,6.121403527577470413e+03,6.122403430130578272e+03,6.123403332683687040e+03,6.124403235236795808e+03,6.125403137789904576e+03,6.126403040343012435e+03,6.127402942896121203e+03,6.128402845449229972e+03,6.129402748002338740e+03,6.130402650555447508e+03,6.131402553108555367e+03,6.132402455661664135e+03,6.133402358214772903e+03,6.134402260767881671e+03,6.135402163320989530e+03,6.136402065874098298e+03,6.137401968427207066e+03,6.138401870980315834e+03,6.139401773533423693e+03,6.140401676086532461e+03,6.141401578639641230e+03,6.142401481192749998e+03,6.143401383745857856e+03,6.144401286298966625e+03,6.145401188852075393e+03,6.146401091405184161e+03,6.147400993958292929e+03,6.148400896511400788e+03,6.149400799064509556e+03,6.150400701617618324e+03,6.151400604170727092e+03,6.152400506723834951e+03,6.153400409276943719e+03,6.154400311830052487e+03,6.155400214383161256e+03,6.156400116936269114e+03,6.157400019489377883e+03,6.158399922042486651e+03,6.159399824595595419e+03,6.160399727148704187e+03,6.161399629701812046e+03,6.162399532254920814e+03,6.163399434808029582e+03,6.164399337361138350e+03,6.165399239914246209e+03,6.166399142467354977e+03,6.167399045020463745e+03,6.168398947573572514e+03,6.169398850126680372e+03,6.170398752679789141e+03,6.171398655232897909e+03,6.172398557786006677e+03,6.173398460339114536e+03,6.174398362892223304e+03,6.175398265445332072e+03,6.176398167998440840e+03,6.177398070551549608e+03,6.178397973104657467e+03,6.179397875657766235e+03,6.180397778210875003e+03,6.181397680763983772e+03,6.182397583317091630e+03,6.183397485870200398e+03,6.184397388423309167e+03,6.185397290976417935e+03,6.186397193529525794e+03,6.187397096082634562e+03,6.188396998635743330e+03,6.189396901188852098e+03,6.190396803741960866e+03,6.191396706295068725e+03,6.192396608848177493e+03,6.193396511401286261e+03,6.194396413954395030e+03,6.195396316507502888e+03,6.196396219060611656e+03,6.197396121613720425e+03,6.198396024166829193e+03,6.199395926719937052e+03,6.200395829273045820e+03,6.201395731826154588e+03,6.202395634379263356e+03,6.203395536932371215e+03,6.204395439485479983e+03,6.205395342038588751e+03,6.206395244591697519e+03,6.207395147144806288e+03,6.208395049697914146e+03,6.209394952251022914e+03,6.210394854804131683e+03,6.211394757357240451e+03,6.212394659910348309e+03,6.213394562463457078e+03,6.214394465016565846e+03,6.215394367569674614e+03,6.216394270122782473e+03,6.217394172675891241e+03,6.218394075229000009e+03,6.219393977782108777e+03,6.220393880335217546e+03,6.221393782888325404e+03,6.222393685441434172e+03,6.223393587994542941e+03,6.224393490547651709e+03,6.225393393100759567e+03,6.226393295653868336e+03,6.227393198206977104e+03,6.228393100760085872e+03,6.229393003313193731e+03,6.230392905866302499e+03,6.231392808419411267e+03,6.232392710972520035e+03,6.233392613525627894e+03,6.234392516078736662e+03,6.235392418631845430e+03,6.236392321184954199e+03,6.237392223738062967e+03,6.238392126291170825e+03,6.239392028844279594e+03,6.240391931397388362e+03,6.241391833950497130e+03,6.242391736503604989e+03,6.243391639056713757e+03,6.244391541609822525e+03,6.245391444162931293e+03,6.246391346716039152e+03,6.247391249269147920e+03,6.248391151822256688e+03,6.249391054375365457e+03,6.250390956928473315e+03,6.251390859481582083e+03,6.252390762034690852e+03,6.253390664587799620e+03,6.254390567140908388e+03,6.255390469694016247e+03,6.256390372247125015e+03,6.257390274800233783e+03,6.258390177353342551e+03,6.259390079906450410e+03,6.260389982459559178e+03,6.261389885012667946e+03,6.262389787565776714e+03,6.263389690118884573e+03,6.264389592671993341e+03,6.265389495225102110e+03,6.266389397778210878e+03,6.267389300331319646e+03,6.268389202884427505e+03,6.269389105437536273e+03,6.270389007990645041e+03,6.271388910543753809e+03,6.272388813096861668e+03,6.273388715649970436e+03,6.274388618203079204e+03,6.275388520756187972e+03,6.276388423309295831e+03,6.277388325862404599e+03,6.278388228415513368e+03,6.279388130968622136e+03,6.280388033521729994e+03,6.281387936074838763e+03,6.282387838627947531e+03,6.283387741181056299e+03,6.284387643734165067e+03,6.285387546287272926e+03,6.286387448840381694e+03,6.287387351393490462e+03,6.288387253946599230e+03,6.289387156499707089e+03,6.290387059052815857e+03,6.291386961605924625e+03,6.292386864159033394e+03,6.293386766712141252e+03,6.294386669265250021e+03,6.295386571818358789e+03,6.296386474371467557e+03,6.297386376924576325e+03,6.298386279477684184e+03,6.299386182030792952e+03,6.300386084583901720e+03,6.301385987137010488e+03,6.302385889690118347e+03,6.303385792243227115e+03,6.304385694796335883e+03,6.305385597349444652e+03,6.306385499902552510e+03,6.307385402455661279e+03,6.308385305008770047e+03,6.309385207561878815e+03,6.310385110114986674e+03,6.311385012668095442e+03,6.312384915221204210e+03,6.313384817774312978e+03,6.314384720327421746e+03,6.315384622880529605e+03,6.316384525433638373e+03,6.317384427986747141e+03,6.318384330539855910e+03,6.319384233092963768e+03,6.320384135646072536e+03,6.321384038199181305e+03,6.322383940752290073e+03,6.323383843305397932e+03,6.324383745858506700e+03,6.325383648411615468e+03,6.326383550964724236e+03,6.327383453517833004e+03,6.328383356070940863e+03,6.329383258624049631e+03,6.330383161177158399e+03,6.331383063730267168e+03,6.332382966283375026e+03,6.333382868836483794e+03,6.334382771389592563e+03,6.335382673942701331e+03,6.336382576495809190e+03,6.337382479048917958e+03,6.338382381602026726e+03,6.339382284155135494e+03,6.340382186708243353e+03,6.341382089261352121e+03,6.342381991814460889e+03,6.343381894367569657e+03,6.344381796920678426e+03,6.345381699473786284e+03,6.346381602026895052e+03,6.347381504580003821e+03,6.348381407133112589e+03,6.349381309686220447e+03,6.350381212239329216e+03,6.351381114792437984e+03,6.352381017345546752e+03,6.353380919898654611e+03,6.354380822451763379e+03,6.355380725004872147e+03,6.356380627557980915e+03,6.357380530111089683e+03,6.358380432664197542e+03,6.359380335217306310e+03,6.360380237770415079e+03,6.361380140323523847e+03,6.362380042876631705e+03,6.363379945429740474e+03,6.364379847982849242e+03,6.365379750535958010e+03,6.366379653089065869e+03,6.367379555642174637e+03,6.368379458195283405e+03,6.369379360748392173e+03,6.370379263301500032e+03,6.371379165854608800e+03,6.372379068407717568e+03,6.373378970960826337e+03,6.374378873513935105e+03,6.375378776067042963e+03,6.376378678620151732e+03,6.377378581173260500e+03,6.378378483726369268e+03,6.379378386279477127e+03,6.380378288832585895e+03,6.381378191385694663e+03,6.382378093938803431e+03,6.383377996491911290e+03,6.384377899045020058e+03,6.385377801598128826e+03,6.386377704151237594e+03,6.387377606704346363e+03,6.388377509257454221e+03,6.389377411810562990e+03,6.390377314363671758e+03,6.391377216916780526e+03,6.392377119469888385e+03,6.393377022022997153e+03,6.394376924576105921e+03,6.395376827129214689e+03,6.396376729682322548e+03,6.397376632235431316e+03,6.398376534788540084e+03,6.399376437341648852e+03,6.400376339894756711e+03,6.401376242447865479e+03,6.402376145000974248e+03,6.403376047554083016e+03,6.404375950107191784e+03,6.405375852660299643e+03,6.406375755213408411e+03,6.407375657766517179e+03,6.408375560319625947e+03,6.409375462872733806e+03,6.410375365425842574e+03,6.411375267978951342e+03,6.412375170532060110e+03,6.413375073085167969e+03,6.414374975638276737e+03,6.415374878191385505e+03,6.416374780744494274e+03,6.417374683297602132e+03,6.418374585850710901e+03,6.419374488403819669e+03,6.420374390956928437e+03,6.421374293510037205e+03,6.422374196063145064e+03,6.423374098616253832e+03,6.424374001169362600e+03,6.425373903722471368e+03,6.426373806275579227e+03,6.427373708828687995e+03,6.428373611381796763e+03,6.429373513934905532e+03,6.430373416488013390e+03,6.431373319041122159e+03,6.432373221594230927e+03,6.433373124147339695e+03,6.434373026700448463e+03,6.435372929253556322e+03,6.436372831806665090e+03,6.437372734359773858e+03,6.438372636912882626e+03,6.439372539465990485e+03,6.440372442019099253e+03,6.441372344572208021e+03,6.442372247125316790e+03,6.443372149678424648e+03,6.444372052231533416e+03,6.445371954784642185e+03,6.446371857337750953e+03,6.447371759890858812e+03,6.448371662443967580e+03,6.449371564997076348e+03,6.450371467550185116e+03,6.451371370103293884e+03,6.452371272656401743e+03,6.453371175209510511e+03,6.454371077762619279e+03,6.455370980315728048e+03,6.456370882868835906e+03,6.457370785421944674e+03,6.458370687975053443e+03,6.459370590528162211e+03,6.460370493081270070e+03,6.461370395634378838e+03,6.462370298187487606e+03,6.463370200740596374e+03,6.464370103293705142e+03,6.465370005846813001e+03,6.466369908399921769e+03,6.467369810953030537e+03,6.468369713506139306e+03,6.469369616059247164e+03,6.470369518612355932e+03,6.471369421165464701e+03,6.472369323718573469e+03,6.473369226271681327e+03,6.474369128824790096e+03,6.475369031377898864e+03,6.476368933931007632e+03,6.477368836484115491e+03,6.478368739037224259e+03,6.479368641590333027e+03,6.480368544143441795e+03,6.481368446696550564e+03,6.482368349249658422e+03,6.483368251802767190e+03,6.484368154355875959e+03,6.485368056908984727e+03,6.486367959462092585e+03,6.487367862015201354e+03,6.488367764568310122e+03,6.489367667121418890e+03,6.490367569674526749e+03,6.491367472227635517e+03,6.492367374780744285e+03,6.493367277333853053e+03,6.494367179886961821e+03,6.495367082440069680e+03,6.496366984993178448e+03,6.497366887546287217e+03,6.498366790099395985e+03,6.499366692652503843e+03,6.500366595205612612e+03,6.501366497758721380e+03,6.502366400311830148e+03,6.503366302864938007e+03,6.504366205418046775e+03,6.505366107971155543e+03,6.506366010524264311e+03,6.507365913077372170e+03,6.508365815630480938e+03,6.509365718183589706e+03,6.510365620736698475e+03,6.511365523289807243e+03,6.512365425842915101e+03,6.513365328396023870e+03,6.514365230949132638e+03,6.515365133502241406e+03,6.516365036055349265e+03,6.517364938608458033e+03,6.518364841161566801e+03,6.519364743714675569e+03,6.520364646267783428e+03,6.521364548820892196e+03,6.522364451374000964e+03,6.523364353927109732e+03,6.524364256480218501e+03,6.525364159033326359e+03,6.526364061586435128e+03,6.527363964139543896e+03,6.528363866692652664e+03,6.529363769245760523e+03,6.530363671798869291e+03,6.531363574351978059e+03,6.532363476905086827e+03,6.533363379458194686e+03,6.534363282011303454e+03,6.535363184564412222e+03,6.536363087117520990e+03,6.537362989670628849e+03,6.538362892223737617e+03,6.539362794776846386e+03,6.540362697329955154e+03,6.541362599883063922e+03,6.542362502436171781e+03,6.543362404989280549e+03,6.544362307542389317e+03,6.545362210095498085e+03,6.546362112648605944e+03,6.547362015201714712e+03,6.548361917754823480e+03,6.549361820307932248e+03,6.550361722861040107e+03,6.551361625414148875e+03,6.552361527967257643e+03,6.553361430520366412e+03,6.554361333073475180e+03,6.555361235626583039e+03,6.556361138179691807e+03,6.557361040732800575e+03,6.558360943285909343e+03,6.559360845839017202e+03,6.560360748392125970e+03,6.561360650945234738e+03,6.562360553498343506e+03,6.563360456051451365e+03,6.564360358604560133e+03,6.565360261157668901e+03,6.566360163710777670e+03,6.567360066263885528e+03,6.568359968816994297e+03,6.569359871370103065e+03,6.570359773923211833e+03,6.571359676476320601e+03,6.572359579029428460e+03,6.573359481582537228e+03,6.574359384135645996e+03,6.575359286688754764e+03,6.576359189241862623e+03,6.577359091794971391e+03,6.578358994348080159e+03,6.579358896901188928e+03,6.580358799454296786e+03,6.581358702007405554e+03,6.582358604560514323e+03,6.583358507113623091e+03,6.584358409666731859e+03,6.585358312219839718e+03,6.586358214772948486e+03,6.587358117326057254e+03,6.588358019879166022e+03,6.589357922432273881e+03,6.590357824985382649e+03,6.591357727538491417e+03,6.592357630091600186e+03,6.593357532644708044e+03,6.594357435197816812e+03,6.595357337750925581e+03,6.596357240304034349e+03,6.597357142857142208e+03,6.598357045410250976e+03,6.599356947963359744e+03,6.600356850516468512e+03,6.601356753069577280e+03,6.602356655622685139e+03,6.603356558175793907e+03,6.604356460728902675e+03,6.605356363282011444e+03,6.606356265835119302e+03,6.607356168388228070e+03,6.608356070941336839e+03,6.609355973494445607e+03,6.610355876047553465e+03,6.611355778600662234e+03,6.612355681153771002e+03,6.613355583706879770e+03,6.614355486259987629e+03,6.615355388813096397e+03,6.616355291366205165e+03,6.617355193919313933e+03,6.618355096472422701e+03,6.619354999025530560e+03,6.620354901578639328e+03,6.621354804131748097e+03,6.622354706684856865e+03,6.623354609237964723e+03,6.624354511791073492e+03,6.625354414344182260e+03,6.626354316897291028e+03,6.627354219450398887e+03,6.628354122003507655e+03,6.629354024556616423e+03,6.630353927109725191e+03,6.631353829662833959e+03,6.632353732215941818e+03,6.633353634769050586e+03,6.634353537322159355e+03,6.635353439875268123e+03,6.636353342428375981e+03,6.637353244981484750e+03,6.638353147534593518e+03,6.639353050087702286e+03,6.640352952640810145e+03,6.641352855193918913e+03,6.642352757747027681e+03,6.643352660300136449e+03,6.644352562853244308e+03,6.645352465406353076e+03,6.646352367959461844e+03,6.647352270512570612e+03,6.648352173065679381e+03,6.649352075618787239e+03,6.650351978171896008e+03,6.651351880725004776e+03,6.652351783278113544e+03,6.653351685831221403e+03,6.654351588384330171e+03,6.655351490937438939e+03,6.656351393490547707e+03,6.657351296043655566e+03,6.658351198596764334e+03,6.659351101149873102e+03,6.660351003702981870e+03,6.661350906256090639e+03,6.662350808809198497e+03,6.663350711362307266e+03,6.664350613915416034e+03,6.665350516468524802e+03,6.666350419021632661e+03,6.667350321574741429e+03,6.668350224127850197e+03,6.669350126680958965e+03,6.670350029234066824e+03,6.671349931787175592e+03,6.672349834340284360e+03,6.673349736893393128e+03,6.674349639446500987e+03,6.675349541999609755e+03,6.676349444552718523e+03,6.677349347105827292e+03,6.678349249658936060e+03,6.679349152212043919e+03,6.680349054765152687e+03,6.681348957318261455e+03,6.682348859871370223e+03,6.683348762424478082e+03,6.684348664977586850e+03,6.685348567530695618e+03,6.686348470083804386e+03,6.687348372636912245e+03,6.688348275190021013e+03,6.689348177743129781e+03,6.690348080296238550e+03,6.691347982849347318e+03,6.692347885402455177e+03,6.693347787955563945e+03,6.694347690508672713e+03,6.695347593061781481e+03,6.696347495614889340e+03,6.697347398167998108e+03,6.698347300721106876e+03,6.699347203274215644e+03,6.700347105827323503e+03,6.701347008380432271e+03,6.702346910933541039e+03,6.703346813486649808e+03,6.704346716039757666e+03,6.705346618592866434e+03,6.706346521145975203e+03,6.707346423699083971e+03,6.708346326252192739e+03,6.709346228805300598e+03,6.710346131358409366e+03,6.711346033911518134e+03,6.712345936464626902e+03,6.713345839017734761e+03,6.714345741570843529e+03,6.715345644123952297e+03,6.716345546677061066e+03,6.717345449230168924e+03,6.718345351783277692e+03,6.719345254336386461e+03,6.720345156889495229e+03,6.721345059442603997e+03,6.722344961995711856e+03,6.723344864548820624e+03,6.724344767101929392e+03,6.725344669655038160e+03,6.726344572208146019e+03,6.727344474761254787e+03,6.728344377314363555e+03,6.729344279867472324e+03,6.730344182420580182e+03,6.731344084973688950e+03,6.732343987526797719e+03,6.733343890079906487e+03,6.734343792633014345e+03,6.735343695186123114e+03,6.736343597739231882e+03,6.737343500292340650e+03,6.738343402845449418e+03,6.739343305398557277e+03,6.740343207951666045e+03,6.741343110504774813e+03,6.742343013057883581e+03,6.743342915610991440e+03,6.744342818164100208e+03,6.745342720717208977e+03,6.746342623270317745e+03,6.747342525823425603e+03,6.748342428376534372e+03,6.749342330929643140e+03,6.750342233482751908e+03,6.751342136035860676e+03,6.752342038588968535e+03,6.753341941142077303e+03,6.754341843695186071e+03,6.755341746248294839e+03,6.756341648801402698e+03,6.757341551354511466e+03,6.758341453907620235e+03,6.759341356460729003e+03,6.760341259013836861e+03,6.761341161566945630e+03,6.762341064120054398e+03,6.763340966673163166e+03,6.764340869226271025e+03,6.765340771779379793e+03,6.766340674332488561e+03,6.767340576885597329e+03,6.768340479438706097e+03,6.769340381991813956e+03,6.770340284544922724e+03,6.771340187098031492e+03,6.772340089651140261e+03,6.773339992204248119e+03,6.774339894757356888e+03,6.775339797310465656e+03,6.776339699863574424e+03,6.777339602416682283e+03,6.778339504969791051e+03,6.779339407522899819e+03,6.780339310076008587e+03,6.781339212629116446e+03,6.782339115182225214e+03,6.783339017735333982e+03,6.784338920288442750e+03,6.785338822841551519e+03,6.786338725394659377e+03,6.787338627947768146e+03,6.788338530500876914e+03,6.789338433053985682e+03,6.790338335607093541e+03,6.791338238160202309e+03,6.792338140713311077e+03,6.793338043266419845e+03,6.794337945819527704e+03,6.795337848372636472e+03,6.796337750925745240e+03,6.797337653478854008e+03,6.798337556031962777e+03,6.799337458585070635e+03,6.800337361138179403e+03,6.801337263691288172e+03,6.802337166244396940e+03,6.803337068797504799e+03,6.804336971350613567e+03,6.805336873903722335e+03,6.806336776456831103e+03,6.807336679009938962e+03,6.808336581563047730e+03,6.809336484116156498e+03,6.810336386669265266e+03,6.811336289222373125e+03,6.812336191775481893e+03,6.813336094328590661e+03,6.814335996881699430e+03,6.815335899434808198e+03,6.816335801987916057e+03,6.817335704541024825e+03,6.818335607094133593e+03,6.819335509647242361e+03,6.820335412200350220e+03,6.821335314753458988e+03,6.822335217306567756e+03,6.823335119859676524e+03,6.824335022412784383e+03,6.825334924965893151e+03,6.826334827519001919e+03,6.827334730072110688e+03,6.828334632625219456e+03,6.829334535178327314e+03,6.830334437731436083e+03,6.831334340284544851e+03,6.832334242837653619e+03,6.833334145390761478e+03,6.834334047943870246e+03,6.835333950496979014e+03,6.836333853050087782e+03,6.837333755603195641e+03,6.838333658156304409e+03,6.839333560709413177e+03,6.840333463262521946e+03,6.841333365815629804e+03,6.842333268368738572e+03,6.843333170921847341e+03,6.844333073474956109e+03,6.845332976028064877e+03,6.846332878581172736e+03,6.847332781134281504e+03,6.848332683687390272e+03,6.849332586240499040e+03,6.850332488793606899e+03,6.851332391346715667e+03,6.852332293899824435e+03,6.853332196452933204e+03,6.854332099006041062e+03,6.855332001559149830e+03,6.856331904112258599e+03,6.857331806665367367e+03,6.858331709218476135e+03,6.859331611771583994e+03,6.860331514324692762e+03,6.861331416877801530e+03,6.862331319430910298e+03,6.863331221984018157e+03,6.864331124537126925e+03,6.865331027090235693e+03,6.866330929643344462e+03,6.867330832196452320e+03,6.868330734749561088e+03,6.869330637302669857e+03,6.870330539855778625e+03,6.871330442408886483e+03,6.872330344961995252e+03,6.873330247515104020e+03,6.874330150068212788e+03,6.875330052621321556e+03,6.876329955174429415e+03,6.877329857727538183e+03,6.878329760280646951e+03,6.879329662833755719e+03,6.880329565386863578e+03,6.881329467939972346e+03,6.882329370493081115e+03,6.883329273046189883e+03,6.884329175599297741e+03,6.885329078152406510e+03,6.886328980705515278e+03,6.887328883258624046e+03,6.888328785811732814e+03,6.889328688364840673e+03,6.890328590917949441e+03,6.891328493471058209e+03,6.892328396024166977e+03,6.893328298577274836e+03,6.894328201130383604e+03,6.895328103683492373e+03,6.896328006236601141e+03,6.897327908789708999e+03,6.898327811342817768e+03,6.899327713895926536e+03,6.900327616449035304e+03,6.901327519002143163e+03,6.902327421555251931e+03,6.903327324108360699e+03,6.904327226661469467e+03,6.905327129214578235e+03,6.906327031767686094e+03,6.907326934320794862e+03,6.908326836873903630e+03,6.909326739427012399e+03,6.910326641980120257e+03,6.911326544533229026e+03,6.912326447086337794e+03,6.913326349639446562e+03,6.914326252192554421e+03,6.915326154745663189e+03,6.916326057298771957e+03,6.917325959851880725e+03,6.918325862404989493e+03,6.919325764958097352e+03,6.920325667511206120e+03,6.921325570064314888e+03,6.922325472617423657e+03,6.923325375170531515e+03,6.924325277723640284e+03,6.925325180276749052e+03,6.926325082829857820e+03,6.927324985382965679e+03,6.928324887936074447e+03,6.929324790489183215e+03,6.930324693042291983e+03,6.931324595595399842e+03,6.932324498148508610e+03,6.933324400701617378e+03,6.934324303254726146e+03,6.935324205807834915e+03,6.936324108360942773e+03,6.937324010914051541e+03,6.938323913467160310e+03,6.939323816020269078e+03,6.940323718573376937e+03,6.941323621126485705e+03,6.942323523679594473e+03,6.943323426232703241e+03,6.944323328785811100e+03,6.945323231338919868e+03,6.946323133892028636e+03,6.947323036445137404e+03,6.948322938998245263e+03,6.949322841551354031e+03,6.950322744104462799e+03,6.951322646657571568e+03,6.952322549210680336e+03,6.953322451763788195e+03,6.954322354316896963e+03,6.955322256870005731e+03,6.956322159423114499e+03,6.957322061976222358e+03,6.958321964529331126e+03,6.959321867082439894e+03,6.960321769635548662e+03,6.961321672188656521e+03,6.962321574741765289e+03,6.963321477294874057e+03,6.964321379847982826e+03,6.965321282401091594e+03,6.966321184954199452e+03,6.967321087507308221e+03,6.968320990060416989e+03,6.969320892613525757e+03,6.970320795166633616e+03,6.971320697719742384e+03,6.972320600272851152e+03,6.973320502825959920e+03,6.974320405379067779e+03,6.975320307932176547e+03,6.976320210485285315e+03,6.977320113038394084e+03,6.978320015591501942e+03,6.979319918144610710e+03,6.980319820697719479e+03,6.981319723250828247e+03,6.982319625803937015e+03,6.983319528357044874e+03,6.984319430910153642e+03,6.985319333463262410e+03,6.986319236016371178e+03,6.987319138569479037e+03,6.988319041122587805e+03,6.989318943675696573e+03,6.990318846228805342e+03,6.991318748781913200e+03,6.992318651335021968e+03,6.993318553888130737e+03,6.994318456441239505e+03,6.995318358994348273e+03,6.996318261547456132e+03,6.997318164100564900e+03,6.998318066653673668e+03,6.999317969206782436e+03,7.000317871759890295e+03,7.001317774312999063e+03,7.002317676866107831e+03,7.003317579419216599e+03,7.004317481972324458e+03,7.005317384525433226e+03,7.006317287078541995e+03,7.007317189631650763e+03,7.008317092184758621e+03,7.009316994737867390e+03,7.010316897290976158e+03,7.011316799844084926e+03,7.012316702397193694e+03,7.013316604950301553e+03,7.014316507503410321e+03,7.015316410056519089e+03,7.016316312609627857e+03,7.017316215162735716e+03,7.018316117715844484e+03,7.019316020268953253e+03,7.020315922822062021e+03,7.021315825375169879e+03,7.022315727928278648e+03,7.023315630481387416e+03,7.024315533034496184e+03,7.025315435587604952e+03,7.026315338140712811e+03,7.027315240693821579e+03,7.028315143246930347e+03,7.029315045800039115e+03,7.030314948353146974e+03,7.031314850906255742e+03,7.032314753459364510e+03,7.033314656012473279e+03,7.034314558565581137e+03,7.035314461118689906e+03,7.036314363671798674e+03,7.037314266224907442e+03,7.038314168778015301e+03,7.039314071331124069e+03,7.040313973884232837e+03,7.041313876437341605e+03,7.042313778990450373e+03,7.043313681543558232e+03,7.044313584096667000e+03,7.045313486649775768e+03,7.046313389202884537e+03,7.047313291755992395e+03,7.048313194309101164e+03,7.049313096862209932e+03,7.050312999415318700e+03,7.051312901968426559e+03,7.052312804521535327e+03,7.053312707074644095e+03,7.054312609627752863e+03,7.055312512180861631e+03,7.056312414733969490e+03,7.057312317287078258e+03,7.058312219840187026e+03,7.059312122393295795e+03,7.060312024946403653e+03,7.061311927499512421e+03,7.062311830052621190e+03,7.063311732605729958e+03,7.064311635158837817e+03,7.065311537711946585e+03,7.066311440265055353e+03,7.067311342818164121e+03,7.068311245371271980e+03,7.069311147924380748e+03,7.070311050477489516e+03,7.071310953030598284e+03,7.072310855583707053e+03,7.073310758136814911e+03,7.074310660689923679e+03,7.075310563243032448e+03,7.076310465796141216e+03,7.077310368349249075e+03,7.078310270902357843e+03,7.079310173455466611e+03,7.080310076008575379e+03,7.081309978561683238e+03,7.082309881114792006e+03,7.083309783667900774e+03,7.084309686221009542e+03,7.085309588774118311e+03,7.086309491327226169e+03,7.087309393880334937e+03,7.088309296433443706e+03,7.089309198986552474e+03,7.090309101539660332e+03,7.091309004092769101e+03,7.092308906645877869e+03,7.093308809198986637e+03,7.094308711752094496e+03,7.095308614305203264e+03,7.096308516858312032e+03,7.097308419411420800e+03,7.098308321964528659e+03,7.099308224517637427e+03,7.100308127070746195e+03,7.101308029623854964e+03,7.102307932176963732e+03,7.103307834730071590e+03,7.104307737283180359e+03,7.105307639836289127e+03,7.106307542389397895e+03,7.107307444942505754e+03,7.108307347495614522e+03,7.109307250048723290e+03,7.110307152601832058e+03,7.111307055154939917e+03,7.112306957708048685e+03,7.113306860261157453e+03,7.114306762814266222e+03,7.115306665367374990e+03,7.116306567920482848e+03,7.117306470473591617e+03,7.118306373026700385e+03,7.119306275579809153e+03,7.120306178132917012e+03,7.121306080686025780e+03,7.122305983239134548e+03,7.123305885792243316e+03,7.124305788345351175e+03,7.125305690898459943e+03,7.126305593451568711e+03,7.127305496004677480e+03,7.128305398557785338e+03,7.129305301110894106e+03,7.130305203664002875e+03,7.131305106217111643e+03,7.132305008770220411e+03,7.133304911323328270e+03,7.134304813876437038e+03,7.135304716429545806e+03,7.136304618982654574e+03,7.137304521535762433e+03,7.138304424088871201e+03,7.139304326641979969e+03,7.140304229195088737e+03,7.141304131748196596e+03,7.142304034301305364e+03,7.143303936854414133e+03,7.144303839407522901e+03,7.145303741960630759e+03,7.146303644513739528e+03,7.147303547066848296e+03,7.148303449619957064e+03,7.149303352173065832e+03,7.150303254726173691e+03,7.151303157279282459e+03,7.152303059832391227e+03,7.153302962385499995e+03,7.154302864938607854e+03,7.155302767491716622e+03,7.156302670044825391e+03,7.157302572597934159e+03,7.158302475151042017e+03,7.159302377704150786e+03,7.160302280257259554e+03,7.161302182810368322e+03,7.162302085363477090e+03,7.163301987916584949e+03,7.164301890469693717e+03,7.165301793022802485e+03,7.166301695575911253e+03,7.167301598129019112e+03,7.168301500682127880e+03,7.169301403235236648e+03,7.170301305788345417e+03,7.171301208341453275e+03,7.172301110894562044e+03,7.173301013447670812e+03,7.174300916000779580e+03,7.175300818553887439e+03,7.176300721106996207e+03,7.177300623660104975e+03,7.178300526213213743e+03,7.179300428766322511e+03,7.180300331319430370e+03,7.181300233872539138e+03,7.182300136425647906e+03,7.183300038978756675e+03,7.184299941531864533e+03,7.185299844084973302e+03,7.186299746638082070e+03,7.187299649191190838e+03,7.188299551744298697e+03,7.189299454297407465e+03,7.190299356850516233e+03,7.191299259403625001e+03,7.192299161956733769e+03,7.193299064509841628e+03,7.194298967062950396e+03,7.195298869616059164e+03,7.196298772169167933e+03,7.197298674722275791e+03,7.198298577275384559e+03,7.199298479828493328e+03,7.200298382381602096e+03,7.201298284934709955e+03,7.202298187487818723e+03,7.203298090040927491e+03,7.204297992594036259e+03,7.205297895147144118e+03,7.206297797700252886e+03,7.207297700253361654e+03,7.208297602806470422e+03,7.209297505359579191e+03,7.210297407912687049e+03,7.211297310465795817e+03,7.212297213018904586e+03,7.213297115572013354e+03,7.214297018125121213e+03,7.215296920678229981e+03,7.216296823231338749e+03,7.217296725784447517e+03,7.218296628337555376e+03,7.219296530890664144e+03,7.220296433443772912e+03,7.221296335996881680e+03,7.222296238549990449e+03,7.223296141103098307e+03,7.224296043656207075e+03,7.225295946209315844e+03,7.226295848762424612e+03,7.227295751315532470e+03,7.228295653868641239e+03,7.229295556421750007e+03,7.230295458974858775e+03,7.231295361527966634e+03,7.232295264081075402e+03,7.233295166634184170e+03,7.234295069187292938e+03,7.235294971740400797e+03,7.236294874293509565e+03,7.237294776846618333e+03,7.238294679399727102e+03,7.239294581952835870e+03,7.240294484505943728e+03,7.241294387059052497e+03,7.242294289612161265e+03,7.243294192165270033e+03,7.244294094718377892e+03,7.245293997271486660e+03,7.246293899824595428e+03,7.247293802377704196e+03,7.248293704930812055e+03,7.249293607483920823e+03,7.250293510037029591e+03,7.251293412590138360e+03,7.252293315143247128e+03,7.253293217696354986e+03,7.254293120249463755e+03,7.255293022802572523e+03,7.256292925355681291e+03,7.257292827908789150e+03,7.258292730461897918e+03,7.259292633015006686e+03,7.260292535568115454e+03,7.261292438121223313e+03,7.262292340674332081e+03,7.263292243227440849e+03,7.264292145780549617e+03,7.265292048333657476e+03,7.266291950886766244e+03,7.267291853439875013e+03,7.268291755992983781e+03,7.269291658546092549e+03,7.270291561099200408e+03,7.271291463652309176e+03,7.272291366205417944e+03,7.273291268758526712e+03,7.274291171311634571e+03,7.275291073864743339e+03,7.276290976417852107e+03,7.277290878970960875e+03,7.278290781524068734e+03,7.279290684077177502e+03,7.280290586630286271e+03,7.281290489183395039e+03,7.282290391736503807e+03,7.283290294289611666e+03,7.284290196842720434e+03,7.285290099395829202e+03,7.286290001948937970e+03,7.287289904502045829e+03,7.288289807055154597e+03,7.289289709608263365e+03,7.290289612161372133e+03,7.291289514714479992e+03,7.292289417267588760e+03,7.293289319820697528e+03,7.294289222373806297e+03,7.295289124926914155e+03,7.296289027480022924e+03,7.297288930033131692e+03,7.298288832586240460e+03,7.299288735139349228e+03,7.300288637692457087e+03,7.301288540245565855e+03,7.302288442798674623e+03,7.303288345351783391e+03,7.304288247904891250e+03,7.305288150458000018e+03,7.306288053011108786e+03,7.307287955564217555e+03,7.308287858117325413e+03,7.309287760670434182e+03,7.310287663223542950e+03,7.311287565776651718e+03,7.312287468329759577e+03,7.313287370882868345e+03,7.314287273435977113e+03,7.315287175989085881e+03,7.316287078542194649e+03,7.317286981095302508e+03,7.318286883648411276e+03,7.319286786201520044e+03,7.320286688754628813e+03,7.321286591307736671e+03,7.322286493860845439e+03,7.323286396413954208e+03,7.324286298967062976e+03,7.325286201520170835e+03,7.326286104073279603e+03,7.327286006626388371e+03,7.328285909179497139e+03,7.329285811732605907e+03,7.330285714285713766e+03,7.331285616838822534e+03,7.332285519391931302e+03,7.333285421945040071e+03,7.334285324498147929e+03,7.335285227051256697e+03,7.336285129604365466e+03,7.337285032157474234e+03,7.338284934710582093e+03,7.339284837263690861e+03,7.340284739816799629e+03,7.341284642369908397e+03,7.342284544923016256e+03,7.343284447476125024e+03,7.344284350029233792e+03,7.345284252582342560e+03,7.346284155135451329e+03,7.347284057688559187e+03,7.348283960241667955e+03,7.349283862794776724e+03,7.350283765347885492e+03,7.351283667900993350e+03,7.352283570454102119e+03,7.353283473007210887e+03,7.354283375560319655e+03,7.355283278113427514e+03,7.356283180666536282e+03,7.357283083219645050e+03,7.358282985772753818e+03,7.359282888325862586e+03,7.360282790878970445e+03,7.361282693432079213e+03,7.362282595985187982e+03,7.363282498538296750e+03,7.364282401091404608e+03,7.365282303644513377e+03,7.366282206197622145e+03,7.367282108750730913e+03,7.368282011303838772e+03,7.369281913856947540e+03,7.370281816410056308e+03,7.371281718963165076e+03,7.372281621516272935e+03,7.373281524069381703e+03,7.374281426622490471e+03,7.375281329175599240e+03,7.376281231728708008e+03,7.377281134281815866e+03,7.378281036834924635e+03,7.379280939388033403e+03,7.380280841941142171e+03,7.381280744494250030e+03,7.382280647047358798e+03,7.383280549600467566e+03,7.384280452153576334e+03,7.385280354706684193e+03,7.386280257259792961e+03,7.387280159812901729e+03,7.388280062366010497e+03,7.389279964919119266e+03,7.390279867472227124e+03,7.391279770025335893e+03,7.392279672578444661e+03,7.393279575131553429e+03,7.394279477684661288e+03,7.395279380237770056e+03,7.396279282790878824e+03,7.397279185343987592e+03,7.398279087897095451e+03,7.399278990450204219e+03,7.400278893003312987e+03,7.401278795556421755e+03,7.402278698109529614e+03,7.403278600662638382e+03,7.404278503215747151e+03,7.405278405768855919e+03,7.406278308321964687e+03,7.407278210875072546e+03,7.408278113428181314e+03,7.409278015981290082e+03,7.410277918534398850e+03,7.411277821087506709e+03,7.412277723640615477e+03,7.413277626193724245e+03,7.414277528746833013e+03,7.415277431299940872e+03,7.416277333853049640e+03,7.417277236406158408e+03,7.418277138959267177e+03,7.419277041512375945e+03,7.420276944065483804e+03,7.421276846618592572e+03,7.422276749171701340e+03,7.423276651724810108e+03,7.424276554277917967e+03,7.425276456831026735e+03,7.426276359384135503e+03,7.427276261937244271e+03,7.428276164490352130e+03,7.429276067043460898e+03,7.430275969596569666e+03,7.431275872149678435e+03,7.432275774702786293e+03,7.433275677255895062e+03,7.434275579809003830e+03,7.435275482362112598e+03,7.436275384915221366e+03,7.437275287468329225e+03,7.438275190021437993e+03,7.439275092574546761e+03,7.440274995127655529e+03,7.441274897680763388e+03,7.442274800233872156e+03,7.443274702786980924e+03,7.444274605340089693e+03,7.445274507893197551e+03,7.446274410446306319e+03,7.447274312999415088e+03,7.448274215552523856e+03,7.449274118105632624e+03,7.450274020658740483e+03,7.451273923211849251e+03,7.452273825764958019e+03,7.453273728318066787e+03,7.454273630871174646e+03,7.455273533424283414e+03,7.456273435977392182e+03,7.457273338530500951e+03,7.458273241083608809e+03,7.459273143636717577e+03,7.460273046189826346e+03,7.461272948742935114e+03,7.462272851296042973e+03,7.463272753849151741e+03,7.464272656402260509e+03,7.465272558955369277e+03,7.466272461508478045e+03,7.467272364061585904e+03,7.468272266614694672e+03,7.469272169167803440e+03,7.470272071720912209e+03,7.471271974274020067e+03,7.472271876827128835e+03,7.473271779380237604e+03,7.474271681933346372e+03,7.475271584486454231e+03,7.476271487039562999e+03,7.477271389592671767e+03,7.478271292145780535e+03,7.479271194698889303e+03,7.480271097251997162e+03,7.481270999805105930e+03,7.482270902358214698e+03,7.483270804911323467e+03,7.484270707464431325e+03,7.485270610017540093e+03,7.486270512570648862e+03,7.487270415123757630e+03,7.488270317676865488e+03,7.489270220229974257e+03,7.490270122783083025e+03,7.491270025336191793e+03,7.492269927889299652e+03,7.493269830442408420e+03,7.494269732995517188e+03,7.495269635548625956e+03,7.496269538101734724e+03,7.497269440654842583e+03,7.498269343207951351e+03,7.499269245761060120e+03,7.500269148314168888e+03,7.501269050867276746e+03,7.502268953420385515e+03,7.503268855973494283e+03,7.504268758526603051e+03,7.505268661079710910e+03,7.506268563632819678e+03,7.507268466185928446e+03,7.508268368739037214e+03,7.509268271292145073e+03,7.510268173845253841e+03,7.511268076398362609e+03,7.512267978951471378e+03,7.513267881504580146e+03,7.514267784057688004e+03,7.515267686610796773e+03,7.516267589163905541e+03,7.517267491717014309e+03,7.518267394270122168e+03,7.519267296823230936e+03,7.520267199376339704e+03,7.521267101929448472e+03,7.522267004482556331e+03,7.523266907035665099e+03,7.524266809588773867e+03,7.525266712141882635e+03,7.526266614694991404e+03,7.527266517248099262e+03,7.528266419801208031e+03,7.529266322354316799e+03,7.530266224907425567e+03,7.531266127460533426e+03,7.532266030013642194e+03,7.533265932566750962e+03,7.534265835119859730e+03,7.535265737672967589e+03,7.536265640226076357e+03,7.537265542779185125e+03,7.538265445332293893e+03,7.539265347885401752e+03,7.540265250438510520e+03,7.541265152991619289e+03,7.542265055544728057e+03,7.543264958097836825e+03,7.544264860650944684e+03,7.545264763204053452e+03,7.546264665757162220e+03,7.547264568310270988e+03,7.548264470863378847e+03,7.549264373416487615e+03,7.550264275969596383e+03,7.551264178522705151e+03,7.552264081075813010e+03,7.553263983628921778e+03,7.554263886182030546e+03,7.555263788735139315e+03,7.556263691288248083e+03,7.557263593841355942e+03,7.558263496394464710e+03,7.559263398947573478e+03,7.560263301500682246e+03,7.561263204053790105e+03,7.562263106606898873e+03,7.563263009160007641e+03,7.564262911713116409e+03,7.565262814266224268e+03,7.566262716819333036e+03,7.567262619372441804e+03,7.568262521925550573e+03,7.569262424478658431e+03,7.570262327031767200e+03,7.571262229584875968e+03,7.572262132137984736e+03,7.573262034691093504e+03,7.574261937244201363e+03,7.575261839797310131e+03,7.576261742350418899e+03,7.577261644903527667e+03,7.578261547456635526e+03,7.579261450009744294e+03,7.580261352562853062e+03,7.581261255115961831e+03,7.582261157669069689e+03,7.583261060222178457e+03,7.584260962775287226e+03,7.585260865328395994e+03,7.586260767881504762e+03,7.587260670434612621e+03,7.588260572987721389e+03,7.589260475540830157e+03,7.590260378093938925e+03,7.591260280647046784e+03,7.592260183200155552e+03,7.593260085753264320e+03,7.594259988306373089e+03,7.595259890859480947e+03,7.596259793412589715e+03,7.597259695965698484e+03,7.598259598518807252e+03,7.599259501071915111e+03,7.600259403625023879e+03,7.601259306178132647e+03,7.602259208731241415e+03,7.603259111284350183e+03,7.604259013837458042e+03,7.605258916390566810e+03,7.606258818943675578e+03,7.607258721496784347e+03,7.608258624049892205e+03,7.609258526603000973e+03,7.610258429156109742e+03,7.611258331709218510e+03,7.612258234262326368e+03,7.613258136815435137e+03,7.614258039368543905e+03,7.615257941921652673e+03,7.616257844474761441e+03,7.617257747027869300e+03,7.618257649580978068e+03,7.619257552134086836e+03,7.620257454687195604e+03,7.621257357240303463e+03,7.622257259793412231e+03,7.623257162346521000e+03,7.624257064899629768e+03,7.625256967452737626e+03,7.626256870005846395e+03,7.627256772558955163e+03,7.628256675112063931e+03,7.629256577665171790e+03,7.630256480218280558e+03,7.631256382771389326e+03,7.632256285324498094e+03,7.633256187877606862e+03,7.634256090430714721e+03,7.635255992983823489e+03,7.636255895536932258e+03,7.637255798090041026e+03,7.638255700643148884e+03,7.639255603196257653e+03,7.640255505749366421e+03,7.641255408302475189e+03,7.642255310855583048e+03,7.643255213408691816e+03,7.644255115961800584e+03,7.645255018514909352e+03,7.646254921068018120e+03,7.647254823621125979e+03,7.648254726174234747e+03,7.649254628727343515e+03,7.650254531280452284e+03,7.651254433833560142e+03,7.652254336386668911e+03,7.653254238939777679e+03,7.654254141492886447e+03,7.655254044045994306e+03,7.656253946599103074e+03,7.657253849152211842e+03,7.658253751705320610e+03,7.659253654258428469e+03,7.660253556811537237e+03,7.661253459364646005e+03,7.662253361917754773e+03,7.663253264470863542e+03,7.664253167023971400e+03,7.665253069577080169e+03,7.666252972130188937e+03,7.667252874683297705e+03,7.668252777236405564e+03,7.669252679789514332e+03,7.670252582342623100e+03,7.671252484895731868e+03,7.672252387448839727e+03,7.673252290001948495e+03,7.674252192555057263e+03,7.675252095108166031e+03,7.676251997661273890e+03,7.677251900214382658e+03,7.678251802767491426e+03,7.679251705320600195e+03,7.680251607873708963e+03,7.681251510426816822e+03,7.682251412979925590e+03,7.683251315533034358e+03,7.684251218086143126e+03,7.685251120639250985e+03,7.686251023192359753e+03,7.687250925745468521e+03,7.688250828298577289e+03,7.689250730851685148e+03,7.690250633404793916e+03,7.691250535957902684e+03,7.692250438511011453e+03,7.693250341064120221e+03,7.694250243617228080e+03,7.695250146170336848e+03,7.696250048723445616e+03,7.697249951276554384e+03,7.698249853829662243e+03,7.699249756382771011e+03,7.700249658935879779e+03,7.701249561488988547e+03,7.702249464042096406e+03,7.703249366595205174e+03,7.704249269148313942e+03,7.705249171701422711e+03,7.706249074254530569e+03,7.707248976807639337e+03,7.708248879360748106e+03,7.709248781913856874e+03,7.710248684466965642e+03,7.711248587020073501e+03,7.712248489573182269e+03,7.713248392126291037e+03,7.714248294679399805e+03,7.715248197232507664e+03,7.716248099785616432e+03,7.717248002338725200e+03,7.718247904891833969e+03,7.719247807444941827e+03,7.720247709998050595e+03,7.721247612551159364e+03,7.722247515104268132e+03,7.723247417657376900e+03,7.724247320210484759e+03,7.725247222763593527e+03,7.726247125316702295e+03,7.727247027869811063e+03,7.728246930422918922e+03,7.729246832976027690e+03,7.730246735529136458e+03,7.731246638082245227e+03,7.732246540635353085e+03,7.733246443188461853e+03,7.734246345741570622e+03,7.735246248294679390e+03,7.736246150847787248e+03,7.737246053400896017e+03,7.738245955954004785e+03,7.739245858507113553e+03,7.740245761060222321e+03,7.741245663613330180e+03,7.742245566166438948e+03,7.743245468719547716e+03,7.744245371272656485e+03,7.745245273825764343e+03,7.746245176378873111e+03,7.747245078931981880e+03,7.748244981485090648e+03,7.749244884038198506e+03,7.750244786591307275e+03,7.751244689144416043e+03,7.752244591697524811e+03,7.753244494250633579e+03,7.754244396803741438e+03,7.755244299356850206e+03,7.756244201909958974e+03,7.757244104463067742e+03,7.758244007016175601e+03,7.759243909569284369e+03,7.760243812122393138e+03,7.761243714675501906e+03,7.762243617228609764e+03,7.763243519781718533e+03,7.764243422334827301e+03,7.765243324887936069e+03,7.766243227441043928e+03,7.767243129994152696e+03,7.768243032547261464e+03,7.769242935100370232e+03,7.770242837653479000e+03,7.771242740206586859e+03,7.772242642759695627e+03,7.773242545312804396e+03,7.774242447865913164e+03,7.775242350419021022e+03,7.776242252972129791e+03,7.777242155525238559e+03,7.778242058078347327e+03,7.779241960631455186e+03,7.780241863184563954e+03,7.781241765737672722e+03,7.782241668290781490e+03,7.783241570843890258e+03,7.784241473396998117e+03,7.785241375950106885e+03,7.786241278503215653e+03,7.787241181056324422e+03,7.788241083609432280e+03,7.789240986162541049e+03,7.790240888715649817e+03,7.791240791268758585e+03,7.792240693821866444e+03,7.793240596374975212e+03,7.794240498928083980e+03,7.795240401481192748e+03,7.796240304034300607e+03,7.797240206587409375e+03,7.798240109140518143e+03,7.799240011693626911e+03,7.800239914246735680e+03,7.801239816799843538e+03,7.802239719352952307e+03,7.803239621906061075e+03,7.804239524459169843e+03,7.805239427012277702e+03,7.806239329565386470e+03,7.807239232118495238e+03,7.808239134671604006e+03,7.809239037224711865e+03,7.810238939777820633e+03,7.811238842330929401e+03,7.812238744884038169e+03,7.813238647437146938e+03,7.814238549990254796e+03,7.815238452543363564e+03,7.816238355096472333e+03,7.817238257649581101e+03,7.818238160202688960e+03,7.819238062755797728e+03,7.820237965308906496e+03,7.821237867862015264e+03,7.822237770415123123e+03,7.823237672968231891e+03,7.824237575521340659e+03,7.825237478074449427e+03,7.826237380627557286e+03,7.827237283180666054e+03,7.828237185733774822e+03,7.829237088286883591e+03,7.830236990839992359e+03,7.831236893393100218e+03,7.832236795946208986e+03,7.833236698499317754e+03,7.834236601052426522e+03,7.835236503605534381e+03,7.836236406158643149e+03,7.837236308711751917e+03,7.838236211264860685e+03,7.839236113817968544e+03,7.840236016371077312e+03,7.841235918924186080e+03,7.842235821477294849e+03,7.843235724030402707e+03,7.844235626583511475e+03,7.845235529136620244e+03,7.846235431689729012e+03,7.847235334242837780e+03,7.848235236795945639e+03,7.849235139349054407e+03,7.850235041902163175e+03,7.851234944455271943e+03,7.852234847008379802e+03,7.853234749561488570e+03,7.854234652114597338e+03,7.855234554667706107e+03,7.856234457220813965e+03,7.857234359773922733e+03,7.858234262327031502e+03,7.859234164880140270e+03,7.860234067433249038e+03,7.861233969986356897e+03,7.862233872539465665e+03,7.863233775092574433e+03,7.864233677645683201e+03,7.865233580198791060e+03,7.866233482751899828e+03,7.867233385305008596e+03,7.868233287858117365e+03,7.869233190411225223e+03,7.870233092964333991e+03,7.871232995517442760e+03,7.872232898070551528e+03,7.873232800623659386e+03,7.874232703176768155e+03,7.875232605729876923e+03,7.876232508282985691e+03,7.877232410836094459e+03,7.878232313389202318e+03,7.879232215942311086e+03,7.880232118495419854e+03,7.881232021048528622e+03,7.882231923601636481e+03,7.883231826154745249e+03,7.884231728707854018e+03,7.885231631260962786e+03,7.886231533814070644e+03,7.887231436367179413e+03,7.888231338920288181e+03,7.889231241473396949e+03,7.890231144026505717e+03,7.891231046579613576e+03,7.892230949132722344e+03,7.893230851685831112e+03,7.894230754238939880e+03,7.895230656792047739e+03,7.896230559345156507e+03,7.897230461898265276e+03,7.898230364451374044e+03,7.899230267004481902e+03,7.900230169557590671e+03,7.901230072110699439e+03,7.902229974663808207e+03,7.903229877216916066e+03,7.904229779770024834e+03,7.905229682323133602e+03,7.906229584876242370e+03,7.907229487429351138e+03,7.908229389982458997e+03,7.909229292535567765e+03,7.910229195088676533e+03,7.911229097641785302e+03,7.912229000194893160e+03,7.913228902748001929e+03,7.914228805301110697e+03,7.915228707854219465e+03,7.916228610407327324e+03,7.917228512960436092e+03,7.918228415513544860e+03,7.919228318066653628e+03,7.920228220619762396e+03,7.921228123172870255e+03,7.922228025725979023e+03,7.923227928279087791e+03,7.924227830832196560e+03,7.925227733385304418e+03,7.926227635938413187e+03,7.927227538491521955e+03,7.928227441044630723e+03,7.929227343597738582e+03,7.930227246150847350e+03,7.931227148703956118e+03,7.932227051257064886e+03,7.933226953810172745e+03,7.934226856363281513e+03,7.935226758916390281e+03,7.936226661469499049e+03,7.937226564022607818e+03,7.938226466575715676e+03,7.939226369128824444e+03,7.940226271681933213e+03,7.941226174235041981e+03,7.942226076788149840e+03,7.943225979341258608e+03,7.944225881894367376e+03,7.945225784447476144e+03,7.946225687000584003e+03,7.947225589553692771e+03,7.948225492106801539e+03,7.949225394659910307e+03,7.950225297213019076e+03,7.951225199766126934e+03,7.952225102319235702e+03,7.953225004872344471e+03,7.954224907425453239e+03,7.955224809978561098e+03,7.956224712531669866e+03,7.957224615084778634e+03,7.958224517637887402e+03,7.959224420190995261e+03,7.960224322744104029e+03,7.961224225297212797e+03,7.962224127850321565e+03,7.963224030403429424e+03,7.964223932956538192e+03,7.965223835509646960e+03,7.966223738062755729e+03,7.967223640615864497e+03,7.968223543168972355e+03,7.969223445722081124e+03,7.970223348275189892e+03,7.971223250828298660e+03,7.972223153381406519e+03,7.973223055934515287e+03,7.974222958487624055e+03,7.975222861040732823e+03,7.976222763593840682e+03,7.977222666146949450e+03,7.978222568700058218e+03,7.979222471253166987e+03,7.980222373806275755e+03,7.981222276359383613e+03,7.982222178912492382e+03,7.983222081465601150e+03,7.984221984018709918e+03,7.985221886571817777e+03,7.986221789124926545e+03,7.987221691678035313e+03,7.988221594231144081e+03,7.989221496784251940e+03,7.990221399337360708e+03,7.991221301890469476e+03,7.992221204443578245e+03,7.993221106996686103e+03,7.994221009549794871e+03,7.995220912102903640e+03,7.996220814656012408e+03,7.997220717209121176e+03,7.998220619762229035e+03,7.999220522315337803e+03,8.000220424868446571e+03,8.001220327421555339e+03,8.002220229974663198e+03,8.003220132527771966e+03,8.004220035080880734e+03,8.005219937633989503e+03,8.006219840187097361e+03,8.007219742740206129e+03,8.008219645293314898e+03,8.009219547846423666e+03,8.010219450399532434e+03,8.011219352952640293e+03,8.012219255505749061e+03,8.013219158058857829e+03,8.014219060611966597e+03,8.015218963165074456e+03,8.016218865718183224e+03,8.017218768271291992e+03,8.018218670824400760e+03,8.019218573377508619e+03,8.020218475930617387e+03,8.021218378483726156e+03,8.022218281036834924e+03,8.023218183589942782e+03,8.024218086143051551e+03,8.025217988696160319e+03,8.026217891249269087e+03,8.027217793802377855e+03,8.028217696355485714e+03,8.029217598908594482e+03,8.030217501461703250e+03,8.031217404014812018e+03,8.032217306567919877e+03,8.033217209121028645e+03,8.034217111674137414e+03,8.035217014227246182e+03,8.036216916780354040e+03,8.037216819333462809e+03,8.038216721886571577e+03,8.039216624439680345e+03,8.040216526992788204e+03,8.041216429545896972e+03,8.042216332099005740e+03,8.043216234652114508e+03,8.044216137205223276e+03,8.045216039758331135e+03,8.046215942311439903e+03,8.047215844864548671e+03,8.048215747417657440e+03,8.049215649970765298e+03,8.050215552523874067e+03,8.051215455076982835e+03,8.052215357630091603e+03,8.053215260183199462e+03,8.054215162736308230e+03,8.055215065289416998e+03,8.056214967842525766e+03,8.057214870395634534e+03,8.058214772948742393e+03,8.059214675501851161e+03,8.060214578054959929e+03,8.061214480608068698e+03,8.062214383161176556e+03,8.063214285714285325e+03,8.064214188267394093e+03,8.065214090820502861e+03,8.066213993373610720e+03,8.067213895926719488e+03,8.068213798479828256e+03,8.069213701032937024e+03,8.070213603586044883e+03,8.071213506139153651e+03,8.072213408692262419e+03,8.073213311245371187e+03,8.074213213798479956e+03,8.075213116351587814e+03,8.076213018904696582e+03,8.077212921457805351e+03,8.078212824010914119e+03,8.079212726564021978e+03,8.080212629117130746e+03,8.081212531670239514e+03,8.082212434223348282e+03,8.083212336776456141e+03,8.084212239329564909e+03,8.085212141882673677e+03,8.086212044435782445e+03,8.087211946988891214e+03,8.088211849541999072e+03,8.089211752095107840e+03,8.090211654648216609e+03,8.091211557201325377e+03,8.092211459754433236e+03,8.093211362307542004e+03,8.094211264860650772e+03,8.095211167413759540e+03,8.096211069966867399e+03,8.097210972519976167e+03,8.098210875073084935e+03,8.099210777626193703e+03,8.100210680179301562e+03,8.101210582732410330e+03,8.102210485285519098e+03,8.103210387838627867e+03,8.104210290391736635e+03,8.105210192944844493e+03,8.106210095497953262e+03,8.107209998051062030e+03,8.108209900604170798e+03,8.109209803157278657e+03,8.110209705710387425e+03,8.111209608263496193e+03,8.112209510816604961e+03,8.113209413369712820e+03,8.114209315922821588e+03,8.115209218475930356e+03,8.116209121029039125e+03,8.117209023582147893e+03,8.118208926135255751e+03,8.119208828688364520e+03,8.120208731241473288e+03,8.121208633794582056e+03,8.122208536347689915e+03,8.123208438900798683e+03,8.124208341453907451e+03,8.125208244007016219e+03,8.126208146560124078e+03,8.127208049113232846e+03,8.128207951666341614e+03,8.129207854219450383e+03,8.130207756772558241e+03,8.131207659325667009e+03,8.132207561878775778e+03,8.133207464431884546e+03,8.134207366984993314e+03,8.135207269538101173e+03,8.136207172091209941e+03,8.137207074644318709e+03,8.138206977197427477e+03,8.139206879750535336e+03,8.140206782303644104e+03,8.141206684856752872e+03,8.142206587409861640e+03,8.143206489962969499e+03,8.144206392516078267e+03,8.145206295069187036e+03,8.146206197622295804e+03,8.147206100175404572e+03,8.148206002728512431e+03,8.149205905281621199e+03,8.150205807834729967e+03,8.151205710387838735e+03,8.152205612940946594e+03,8.153205515494055362e+03,8.154205418047164130e+03,8.155205320600272898e+03,8.156205223153380757e+03,8.157205125706489525e+03,8.158205028259598294e+03,8.159204930812707062e+03,8.160204833365814920e+03,8.161204735918923689e+03,8.162204638472032457e+03,8.163204541025141225e+03,8.164204443578249993e+03,8.165204346131357852e+03,8.166204248684466620e+03,8.167204151237575388e+03,8.168204053790684156e+03,8.169203956343792015e+03,8.170203858896900783e+03,8.171203761450009551e+03,8.172203664003118320e+03,8.173203566556226178e+03,8.174203469109334947e+03,8.175203371662443715e+03,8.176203274215552483e+03,8.177203176768661251e+03,8.178203079321769110e+03,8.179202981874877878e+03,8.180202884427986646e+03,8.181202786981095414e+03,8.182202689534203273e+03,8.183202592087312041e+03,8.184202494640420809e+03,8.185202397193529578e+03,8.186202299746637436e+03,8.187202202299746205e+03,8.188202104852854973e+03,8.189202007405963741e+03,8.190201909959071600e+03,8.191201812512180368e+03,8.192201715065290045e+03,8.193201617618396995e+03,8.194201520171505763e+03,8.195201422724614531e+03,8.196201325277723299e+03,8.197201227830832067e+03,8.198201130383940836e+03,8.199201032937049604e+03,8.200200935490158372e+03,8.201200838043265321e+03,8.202200740596374089e+03,8.203200643149482858e+03,8.204200545702591626e+03,8.205200448255700394e+03,8.206200350808809162e+03,8.207200253361917930e+03,8.208200155915026698e+03,8.209200058468135467e+03,8.210199961021242416e+03,8.211199863574351184e+03,8.212199766127459952e+03,8.213199668680568720e+03,8.214199571233677489e+03,8.215199473786786257e+03,8.216199376339895025e+03,8.217199278893003793e+03,8.218199181446110742e+03,8.219199083999219511e+03,8.220198986552328279e+03,8.221198889105437047e+03,8.222198791658545815e+03,8.223198694211654583e+03,8.224198596764763352e+03,8.225198499317872120e+03,8.226198401870980888e+03,8.227198304424087837e+03,8.228198206977196605e+03,8.229198109530305373e+03,8.230198012083414142e+03,8.231197914636522910e+03,8.232197817189631678e+03,8.233197719742740446e+03,8.234197622295849214e+03,8.235197524848956164e+03,8.236197427402064932e+03,8.237197329955173700e+03,8.238197232508282468e+03,8.239197135061391236e+03,8.240197037614500005e+03,8.241196940167608773e+03,8.242196842720717541e+03,8.243196745273826309e+03,8.244196647826933258e+03,8.245196550380042027e+03,8.246196452933150795e+03,8.247196355486259563e+03,8.248196258039368331e+03,8.249196160592477099e+03,8.250196063145585867e+03,8.251195965698694636e+03,8.252195868251801585e+03,8.253195770804910353e+03,8.254195673358019121e+03,8.255195575911127889e+03,8.256195478464236658e+03,8.257195381017345426e+03,8.258195283570454194e+03,8.259195186123562962e+03,8.260195088676671730e+03,8.261194991229778680e+03,8.262194893782887448e+03,8.263194796335996216e+03,8.264194698889104984e+03,8.265194601442213752e+03,8.266194503995322520e+03,8.267194406548431289e+03,8.268194309101540057e+03,8.269194211654648825e+03,8.270194114207755774e+03,8.271194016760864542e+03,8.272193919313973311e+03,8.273193821867082079e+03,8.274193724420190847e+03,8.275193626973299615e+03,8.276193529526408383e+03,8.277193432079517152e+03,8.278193334632624101e+03,8.279193237185732869e+03,8.280193139738841637e+03,8.281193042291950405e+03,8.282192944845059174e+03,8.283192847398167942e+03,8.284192749951276710e+03,8.285192652504385478e+03,8.286192555057494246e+03,8.287192457610601195e+03,8.288192360163709964e+03,8.289192262716818732e+03,8.290192165269927500e+03,8.291192067823036268e+03,8.292191970376145036e+03,8.293191872929253805e+03,8.294191775482362573e+03,8.295191678035469522e+03,8.296191580588578290e+03,8.297191483141687058e+03,8.298191385694795827e+03,8.299191288247904595e+03,8.300191190801013363e+03,8.301191093354122131e+03,8.302190995907230899e+03,8.303190898460339668e+03,8.304190801013446617e+03,8.305190703566555385e+03,8.306190606119664153e+03,8.307190508672772921e+03,8.308190411225881689e+03,8.309190313778990458e+03,8.310190216332099226e+03,8.311190118885207994e+03,8.312190021438314943e+03,8.313189923991423711e+03,8.314189826544532480e+03,8.315189729097641248e+03,8.316189631650750016e+03,8.317189534203858784e+03,8.318189436756967552e+03,8.319189339310076321e+03,8.320189241863185089e+03,8.321189144416292038e+03,8.322189046969400806e+03,8.323188949522509574e+03,8.324188852075618342e+03,8.325188754628727111e+03,8.326188657181835879e+03,8.327188559734944647e+03,8.328188462288053415e+03,8.329188364841162183e+03,8.330188267394269133e+03,8.331188169947377901e+03,8.332188072500486669e+03,8.333187975053595437e+03,8.334187877606704205e+03,8.335187780159812974e+03,8.336187682712921742e+03,8.337187585266030510e+03,8.338187487819137459e+03,8.339187390372246227e+03,8.340187292925354996e+03,8.341187195478463764e+03,8.342187098031572532e+03,8.343187000584681300e+03,8.344186903137790068e+03,8.345186805690898836e+03,8.346186708244007605e+03,8.347186610797114554e+03,8.348186513350223322e+03,8.349186415903332090e+03,8.350186318456440858e+03,8.351186221009549627e+03,8.352186123562658395e+03,8.353186026115767163e+03,8.354185928668875931e+03,8.355185831221982880e+03,8.356185733775091649e+03,8.357185636328200417e+03,8.358185538881309185e+03,8.359185441434417953e+03,8.360185343987526721e+03,8.361185246540635490e+03,8.362185149093744258e+03,8.363185051646853026e+03,8.364184954199959975e+03,8.365184856753068743e+03,8.366184759306177511e+03,8.367184661859286280e+03,8.368184564412395048e+03,8.369184466965503816e+03,8.370184369518612584e+03,8.371184272071721352e+03,8.372184174624828302e+03,8.373184077177937070e+03,8.374183979731045838e+03,8.375183882284154606e+03,8.376183784837263374e+03,8.377183687390372143e+03,8.378183589943480911e+03,8.379183492496589679e+03,8.380183395049698447e+03,8.381183297602805396e+03,8.382183200155914164e+03,8.383183102709022933e+03,8.384183005262131701e+03,8.385182907815240469e+03,8.386182810368349237e+03,8.387182712921458005e+03,8.388182615474566774e+03,8.389182518027673723e+03,8.390182420580782491e+03,8.391182323133891259e+03,8.392182225687000027e+03,8.393182128240108796e+03,8.394182030793217564e+03,8.395181933346326332e+03,8.396181835899435100e+03,8.397181738452543868e+03,8.398181641005650818e+03,8.399181543558759586e+03,8.400181446111868354e+03,8.401181348664977122e+03,8.402181251218085890e+03,8.403181153771194658e+03,8.404181056324303427e+03,8.405180958877412195e+03,8.406180861430520963e+03,8.407180763983627912e+03,8.408180666536736680e+03,8.409180569089845449e+03,8.410180471642954217e+03,8.411180374196062985e+03,8.412180276749171753e+03,8.413180179302280521e+03,8.414180081855389290e+03,8.415179984408496239e+03,8.416179886961605007e+03,8.417179789514713775e+03,8.418179692067822543e+03,8.419179594620931312e+03,8.420179497174040080e+03,8.421179399727148848e+03,8.422179302280257616e+03,8.423179204833366384e+03,8.424179107386473333e+03,8.425179009939582102e+03,8.426178912492690870e+03,8.427178815045799638e+03,8.428178717598908406e+03,8.429178620152017174e+03,8.430178522705125943e+03,8.431178425258234711e+03,8.432178327811341660e+03,8.433178230364450428e+03,8.434178132917559196e+03,8.435178035470667965e+03,8.436177938023776733e+03,8.437177840576885501e+03,8.438177743129994269e+03,8.439177645683103037e+03,8.440177548236211805e+03,8.441177450789318755e+03,8.442177353342427523e+03,8.443177255895536291e+03,8.444177158448645059e+03,8.445177061001753827e+03,8.446176963554862596e+03,8.447176866107971364e+03,8.448176768661080132e+03,8.449176671214187081e+03,8.450176573767295849e+03,8.451176476320404618e+03,8.452176378873513386e+03,8.453176281426622154e+03,8.454176183979730922e+03,8.455176086532839690e+03,8.456175989085948459e+03,8.457175891639057227e+03,8.458175794192164176e+03,8.459175696745272944e+03,8.460175599298381712e+03,8.461175501851490480e+03,8.462175404404599249e+03,8.463175306957708017e+03,8.464175209510816785e+03,8.465175112063925553e+03,8.466175014617034321e+03,8.467174917170141271e+03,8.468174819723250039e+03,8.469174722276358807e+03,8.470174624829467575e+03,8.471174527382576343e+03,8.472174429935685112e+03,8.473174332488793880e+03,8.474174235041902648e+03,8.475174137595009597e+03,8.476174040148118365e+03,8.477173942701227134e+03,8.478173845254335902e+03,8.479173747807444670e+03,8.480173650360553438e+03,8.481173552913662206e+03,8.482173455466770974e+03,8.483173358019879743e+03,8.484173260572986692e+03,8.485173163126095460e+03,8.486173065679204228e+03,8.487172968232312996e+03,8.488172870785421765e+03,8.489172773338530533e+03,8.490172675891639301e+03,8.491172578444748069e+03,8.492172480997855018e+03,8.493172383550963787e+03,8.494172286104072555e+03,8.495172188657181323e+03,8.496172091210290091e+03,8.497171993763398859e+03,8.498171896316507627e+03,8.499171798869616396e+03,8.500171701422725164e+03,8.501171603975832113e+03,8.502171506528940881e+03,8.503171409082049649e+03,8.504171311635158418e+03,8.505171214188267186e+03,8.506171116741375954e+03,8.507171019294484722e+03,8.508170921847593490e+03,8.509170824400700440e+03,8.510170726953809208e+03,8.511170629506917976e+03,8.512170532060026744e+03,8.513170434613135512e+03,8.514170337166244281e+03,8.515170239719353049e+03,8.516170142272461817e+03,8.517170044825570585e+03,8.518169947378677534e+03,8.519169849931786302e+03,8.520169752484895071e+03,8.521169655038003839e+03,8.522169557591112607e+03,8.523169460144221375e+03,8.524169362697330143e+03,8.525169265250438912e+03,8.526169167803547680e+03,8.527169070356654629e+03,8.528168972909763397e+03,8.529168875462872165e+03,8.530168778015980934e+03,8.531168680569089702e+03,8.532168583122198470e+03,8.533168485675307238e+03,8.534168388228416006e+03,8.535168290781522956e+03,8.536168193334631724e+03,8.537168095887740492e+03,8.538167998440849260e+03,8.539167900993958028e+03,8.540167803547066796e+03,8.541167706100175565e+03,8.542167608653284333e+03,8.543167511206393101e+03,8.544167413759500050e+03,8.545167316312608818e+03,8.546167218865717587e+03,8.547167121418826355e+03,8.548167023971935123e+03,8.549166926525043891e+03,8.550166829078152659e+03,8.551166731631261428e+03,8.552166634184368377e+03,8.553166536737477145e+03,8.554166439290585913e+03,8.555166341843694681e+03,8.556166244396803449e+03,8.557166146949912218e+03,8.558166049503020986e+03,8.559165952056129754e+03,8.560165854609238522e+03,8.561165757162345471e+03,8.562165659715454240e+03,8.563165562268563008e+03,8.564165464821671776e+03,8.565165367374780544e+03,8.566165269927889312e+03,8.567165172480998081e+03,8.568165075034106849e+03,8.569164977587213798e+03,8.570164880140322566e+03,8.571164782693431334e+03,8.572164685246540103e+03,8.573164587799648871e+03,8.574164490352757639e+03,8.575164392905866407e+03,8.576164295458975175e+03,8.577164198012083943e+03,8.578164100565190893e+03,8.579164003118299661e+03,8.580163905671408429e+03,8.581163808224517197e+03,8.582163710777625965e+03,8.583163613330734734e+03,8.584163515883843502e+03,8.585163418436952270e+03,8.586163320990059219e+03,8.587163223543167987e+03,8.588163126096276756e+03,8.589163028649385524e+03,8.590162931202494292e+03,8.591162833755603060e+03,8.592162736308711828e+03,8.593162638861820597e+03,8.594162541414929365e+03,8.595162443968036314e+03,8.596162346521145082e+03,8.597162249074253850e+03,8.598162151627362618e+03,8.599162054180471387e+03,8.600161956733580155e+03,8.601161859286688923e+03,8.602161761839797691e+03,8.603161664392906459e+03,8.604161566946013409e+03,8.605161469499122177e+03,8.606161372052230945e+03,8.607161274605339713e+03,8.608161177158448481e+03,8.609161079711557250e+03,8.610160982264666018e+03,8.611160884817774786e+03,8.612160787370881735e+03,8.613160689923990503e+03,8.614160592477099271e+03,8.615160495030208040e+03,8.616160397583316808e+03,8.617160300136425576e+03,8.618160202689534344e+03,8.619160105242643112e+03,8.620160007795751881e+03,8.621159910348858830e+03,8.622159812901967598e+03,8.623159715455076366e+03,8.624159618008185134e+03,8.625159520561293903e+03,8.626159423114402671e+03,8.627159325667511439e+03,8.628159228220620207e+03,8.629159130773727156e+03,8.630159033326835925e+03,8.631158935879944693e+03,8.632158838433053461e+03,8.633158740986162229e+03,8.634158643539270997e+03,8.635158546092379765e+03,8.636158448645488534e+03,8.637158351198597302e+03,8.638158253751704251e+03,8.639158156304813019e+03,8.640158058857921787e+03,8.641157961411030556e+03,8.642157863964139324e+03,8.643157766517248092e+03,8.644157669070356860e+03,8.645157571623465628e+03,8.646157474176572578e+03,8.647157376729681346e+03,8.648157279282790114e+03,8.649157181835898882e+03,8.650157084389007650e+03,8.651156986942116419e+03,8.652156889495225187e+03,8.653156792048333955e+03,8.654156694601442723e+03,8.655156597154549672e+03,8.656156499707658440e+03,8.657156402260767209e+03,8.658156304813875977e+03,8.659156207366984745e+03,8.660156109920093513e+03,8.661156012473202281e+03,8.662155915026311050e+03,8.663155817579419818e+03,8.664155720132526767e+03,8.665155622685635535e+03,8.666155525238744303e+03,8.667155427791853072e+03,8.668155330344961840e+03,8.669155232898070608e+03,8.670155135451179376e+03,8.671155038004288144e+03,8.672154940557395093e+03,8.673154843110503862e+03,8.674154745663612630e+03,8.675154648216721398e+03,8.676154550769830166e+03,8.677154453322938934e+03,8.678154355876047703e+03,8.679154258429156471e+03,8.680154160982265239e+03,8.681154063535372188e+03,8.682153966088480956e+03,8.683153868641589725e+03,8.684153771194698493e+03,8.685153673747807261e+03,8.686153576300916029e+03,8.687153478854024797e+03,8.688153381407133566e+03,8.689153283960240515e+03,8.690153186513349283e+03,8.691153089066458051e+03,8.692152991619566819e+03,8.693152894172675587e+03,8.694152796725784356e+03,8.695152699278893124e+03,8.696152601832001892e+03,8.697152504385110660e+03,8.698152406938217609e+03,8.699152309491326378e+03,8.700152212044435146e+03,8.701152114597543914e+03,8.702152017150652682e+03,8.703151919703761450e+03,8.704151822256870219e+03,8.705151724809978987e+03,8.706151627363085936e+03,8.707151529916194704e+03,8.708151432469303472e+03,8.709151335022412241e+03,8.710151237575521009e+03,8.711151140128629777e+03,8.712151042681738545e+03,8.713150945234847313e+03,8.714150847787956081e+03,8.715150750341063031e+03,8.716150652894171799e+03,8.717150555447280567e+03,8.718150458000389335e+03,8.719150360553498103e+03,8.720150263106606872e+03,8.721150165659715640e+03,8.722150068212824408e+03,8.723149970765933176e+03,8.724149873319040125e+03,8.725149775872148894e+03,8.726149678425257662e+03,8.727149580978366430e+03,8.728149483531475198e+03,8.729149386084583966e+03,8.730149288637692734e+03,8.731149191190801503e+03,8.732149093743908452e+03,8.733148996297017220e+03,8.734148898850125988e+03,8.735148801403234756e+03,8.736148703956343525e+03,8.737148606509452293e+03,8.738148509062561061e+03,8.739148411615669829e+03,8.740148314168778597e+03,8.741148216721885547e+03,8.742148119274994315e+03,8.743148021828103083e+03,8.744147924381211851e+03,8.745147826934320619e+03,8.746147729487429388e+03,8.747147632040538156e+03,8.748147534593646924e+03,8.749147437146753873e+03,8.750147339699862641e+03,8.751147242252971409e+03,8.752147144806080178e+03,8.753147047359188946e+03,8.754146949912297714e+03,8.755146852465406482e+03,8.756146755018515250e+03,8.757146657571624019e+03,8.758146560124730968e+03,8.759146462677839736e+03,8.760146365230948504e+03,8.761146267784057272e+03,8.762146170337166041e+03,8.763146072890274809e+03,8.764145975443383577e+03,8.765145877996492345e+03,8.766145780549599294e+03,8.767145683102708063e+03,8.768145585655816831e+03,8.769145488208925599e+03,8.770145390762034367e+03,8.771145293315143135e+03,8.772145195868251903e+03,8.773145098421360672e+03,8.774145000974469440e+03,8.775144903527576389e+03,8.776144806080685157e+03,8.777144708633793925e+03,8.778144611186902694e+03,8.779144513740011462e+03,8.780144416293120230e+03,8.781144318846228998e+03,8.782144221399337766e+03,8.783144123952444716e+03,8.784144026505553484e+03,8.785143929058662252e+03,8.786143831611771020e+03,8.787143734164879788e+03,8.788143636717988556e+03,8.789143539271097325e+03,8.790143441824206093e+03,8.791143344377314861e+03,8.792143246930421810e+03,8.793143149483530578e+03,8.794143052036639347e+03,8.795142954589748115e+03,8.796142857142856883e+03,8.797142759695965651e+03,8.798142662249074419e+03,8.799142564802183188e+03,8.800142467355291956e+03,8.801142369908398905e+03,8.802142272461507673e+03,8.803142175014616441e+03,8.804142077567725210e+03,8.805141980120833978e+03,8.806141882673942746e+03,8.807141785227051514e+03,8.808141687780160282e+03,8.809141590333267231e+03,8.810141492886376000e+03,8.811141395439484768e+03,8.812141297992593536e+03,8.813141200545702304e+03,8.814141103098811072e+03,8.815141005651919841e+03,8.816140908205028609e+03,8.817140810758137377e+03,8.818140713311244326e+03,8.819140615864353094e+03,8.820140518417461863e+03,8.821140420970570631e+03,8.822140323523679399e+03,8.823140226076788167e+03,8.824140128629896935e+03,8.825140031183005703e+03,8.826139933736112653e+03,8.827139836289221421e+03,8.828139738842330189e+03,8.829139641395438957e+03,8.830139543948547725e+03,8.831139446501656494e+03,8.832139349054765262e+03,8.833139251607874030e+03,8.834139154160982798e+03,8.835139056714089747e+03,8.836138959267198516e+03,8.837138861820307284e+03,8.838138764373416052e+03,8.839138666926524820e+03,8.840138569479633588e+03,8.841138472032742357e+03,8.842138374585851125e+03,8.843138277138958074e+03,8.844138179692066842e+03,8.845138082245175610e+03,8.846137984798284378e+03,8.847137887351393147e+03,8.848137789904501915e+03,8.849137692457610683e+03,8.850137595010719451e+03,8.851137497563828219e+03,8.852137400116935169e+03,8.853137302670043937e+03,8.854137205223152705e+03,8.855137107776261473e+03,8.856137010329370241e+03,8.857136912882479010e+03,8.858136815435587778e+03,8.859136717988696546e+03,8.860136620541805314e+03,8.861136523094912263e+03,8.862136425648021032e+03,8.863136328201129800e+03,8.864136230754238568e+03,8.865136133307347336e+03,8.866136035860456104e+03,8.867135938413564872e+03,8.868135840966673641e+03,8.869135743519780590e+03,8.870135646072889358e+03,8.871135548625998126e+03,8.872135451179106894e+03,8.873135353732215663e+03,8.874135256285324431e+03,8.875135158838433199e+03,8.876135061391541967e+03,8.877134963944650735e+03,8.878134866497757685e+03,8.879134769050866453e+03,8.880134671603975221e+03,8.881134574157083989e+03,8.882134476710192757e+03,8.883134379263301525e+03,8.884134281816410294e+03,8.885134184369519062e+03,8.886134086922626011e+03,8.887133989475734779e+03,8.888133892028843547e+03,8.889133794581952316e+03,8.890133697135061084e+03,8.891133599688169852e+03,8.892133502241278620e+03,8.893133404794387388e+03,8.894133307347496157e+03,8.895133209900603106e+03,8.896133112453711874e+03,8.897133015006820642e+03,8.898132917559929410e+03,8.899132820113038179e+03,8.900132722666146947e+03,8.901132625219255715e+03,8.902132527772364483e+03,8.903132430325471432e+03,8.904132332878580200e+03,8.905132235431688969e+03,8.906132137984797737e+03,8.907132040537906505e+03,8.908131943091015273e+03,8.909131845644124041e+03,8.910131748197232810e+03,8.911131650750341578e+03,8.912131553303448527e+03,8.913131455856557295e+03,8.914131358409666063e+03,8.915131260962774832e+03,8.916131163515883600e+03,8.917131066068992368e+03,8.918130968622101136e+03,8.919130871175209904e+03,8.920130773728316854e+03,8.921130676281425622e+03,8.922130578834534390e+03,8.923130481387643158e+03,8.924130383940751926e+03,8.925130286493860694e+03,8.926130189046969463e+03,8.927130091600078231e+03,8.928129994153186999e+03,8.929129896706293948e+03,8.930129799259402716e+03,8.931129701812511485e+03,8.932129604365620253e+03,8.933129506918729021e+03,8.934129409471837789e+03,8.935129312024946557e+03,8.936129214578055326e+03,8.937129117131164094e+03,8.938129019684271043e+03,8.939128922237379811e+03,8.940128824790488579e+03,8.941128727343597347e+03,8.942128629896706116e+03,8.943128532449814884e+03,8.944128435002923652e+03,8.945128337556032420e+03,8.946128240109139369e+03,8.947128142662248138e+03,8.948128045215356906e+03,8.949127947768465674e+03,8.950127850321574442e+03,8.951127752874683210e+03,8.952127655427791979e+03,8.953127557980900747e+03,8.954127460534009515e+03,8.955127363087116464e+03,8.956127265640225232e+03,8.957127168193334001e+03,8.958127070746442769e+03,8.959126973299551537e+03,8.960126875852660305e+03,8.961126778405769073e+03,8.962126680958877841e+03,8.963126583511984791e+03,8.964126486065093559e+03,8.965126388618202327e+03,8.966126291171311095e+03,8.967126193724419863e+03,8.968126096277528632e+03,8.969125998830637400e+03,8.970125901383746168e+03,8.971125803936854936e+03,8.972125706489961885e+03,8.973125609043070654e+03,8.974125511596179422e+03,8.975125414149288190e+03,8.976125316702396958e+03,8.977125219255505726e+03,8.978125121808614495e+03,8.979125024361723263e+03,8.980124926914830212e+03,8.981124829467938980e+03,8.982124732021047748e+03,8.983124634574156516e+03,8.984124537127265285e+03,8.985124439680374053e+03,8.986124342233482821e+03,8.987124244786591589e+03,8.988124147339700357e+03,8.989124049892807307e+03,8.990123952445916075e+03,8.991123854999024843e+03,8.992123757552133611e+03,8.993123660105242379e+03,8.994123562658351148e+03,8.995123465211459916e+03,8.996123367764568684e+03,8.997123270317677452e+03,8.998123172870784401e+03,8.999123075423893169e+03,9.000122977977001938e+03,9.001122880530110706e+03,9.002122783083219474e+03,9.003122685636328242e+03,9.004122588189437010e+03,9.005122490742545779e+03,9.006122393295652728e+03,9.007122295848761496e+03,9.008122198401870264e+03,9.009122100954979032e+03,9.010122003508087801e+03,9.011121906061196569e+03,9.012121808614305337e+03,9.013121711167414105e+03,9.014121613720522873e+03,9.015121516273629823e+03,9.016121418826738591e+03,9.017121321379847359e+03,9.018121223932956127e+03,9.019121126486064895e+03,9.020121029039173663e+03,9.021120931592282432e+03,9.022120834145391200e+03,9.023120736698498149e+03,9.024120639251606917e+03,9.025120541804715685e+03,9.026120444357824454e+03,9.027120346910933222e+03,9.028120249464041990e+03,9.029120152017150758e+03,9.030120054570259526e+03,9.031119957123368295e+03,9.032119859676475244e+03,9.033119762229584012e+03,9.034119664782692780e+03,9.035119567335801548e+03,9.036119469888910317e+03,9.037119372442019085e+03,9.038119274995127853e+03,9.039119177548236621e+03,9.040119080101343570e+03,9.041118982654452338e+03,9.042118885207561107e+03,9.043118787760669875e+03,9.044118690313778643e+03,9.045118592866887411e+03,9.046118495419996179e+03,9.047118397973104948e+03,9.048118300526213716e+03,9.049118203079320665e+03,9.050118105632429433e+03,9.051118008185538201e+03,9.052117910738646970e+03,9.053117813291755738e+03,9.054117715844864506e+03,9.055117618397973274e+03,9.056117520951082042e+03,9.057117423504190810e+03,9.058117326057297760e+03,9.059117228610406528e+03,9.060117131163515296e+03,9.061117033716624064e+03,9.062116936269732832e+03,9.063116838822841601e+03,9.064116741375950369e+03,9.065116643929059137e+03,9.066116546482166086e+03,9.067116449035274854e+03,9.068116351588383623e+03,9.069116254141492391e+03,9.070116156694601159e+03,9.071116059247709927e+03,9.072115961800818695e+03,9.073115864353927464e+03,9.074115766907036232e+03,9.075115669460143181e+03,9.076115572013251949e+03,9.077115474566360717e+03,9.078115377119469485e+03,9.079115279672578254e+03,9.080115182225687022e+03,9.081115084778795790e+03,9.082114987331904558e+03,9.083114889885011507e+03,9.084114792438120276e+03,9.085114694991229044e+03,9.086114597544337812e+03,9.087114500097446580e+03,9.088114402650555348e+03,9.089114305203664117e+03,9.090114207756772885e+03,9.091114110309881653e+03,9.092114012862988602e+03,9.093113915416097370e+03,9.094113817969206139e+03,9.095113720522314907e+03,9.096113623075423675e+03,9.097113525628532443e+03,9.098113428181641211e+03,9.099113330734749979e+03,9.100113233287856929e+03,9.101113135840965697e+03,9.102113038394074465e+03,9.103112940947183233e+03,9.104112843500292001e+03,9.105112746053400770e+03,9.106112648606509538e+03,9.107112551159618306e+03,9.108112453712727074e+03,9.109112356265834023e+03,9.110112258818942792e+03,9.111112161372051560e+03,9.112112063925160328e+03,9.113111966478269096e+03,9.114111869031377864e+03,9.115111771584486632e+03,9.116111674137595401e+03,9.117111576690702350e+03,9.118111479243811118e+03,9.119111381796919886e+03,9.120111284350028654e+03,9.121111186903137423e+03,9.122111089456246191e+03,9.123110992009354959e+03,9.124110894562463727e+03,9.125110797115572495e+03,9.126110699668679445e+03,9.127110602221788213e+03,9.128110504774896981e+03,9.129110407328005749e+03,9.130110309881114517e+03,9.131110212434223286e+03,9.132110114987332054e+03,9.133110017540440822e+03,9.134109920093549590e+03,9.135109822646656539e+03,9.136109725199765307e+03,9.137109627752874076e+03,9.138109530305982844e+03,9.139109432859091612e+03,9.140109335412200380e+03,9.141109237965309148e+03,9.142109140518417917e+03,9.143109043071524866e+03,9.144108945624633634e+03,9.145108848177742402e+03,9.146108750730851170e+03,9.147108653283959939e+03,9.148108555837068707e+03,9.149108458390177475e+03,9.150108360943286243e+03,9.151108263496395011e+03,9.152108166049501961e+03,9.153108068602610729e+03,9.154107971155719497e+03,9.155107873708828265e+03,9.156107776261937033e+03,9.157107678815045801e+03,9.158107581368154570e+03,9.159107483921263338e+03,9.160107386474370287e+03,9.161107289027479055e+03,9.162107191580587823e+03,9.163107094133696592e+03,9.164106996686805360e+03,9.165106899239914128e+03,9.166106801793022896e+03,9.167106704346131664e+03,9.168106606899240433e+03,9.169106509452347382e+03,9.170106412005456150e+03,9.171106314558564918e+03,9.172106217111673686e+03,9.173106119664782454e+03,9.174106022217891223e+03,9.175105924770999991e+03,9.176105827324108759e+03,9.177105729877215708e+03,9.178105632430324476e+03,9.179105534983433245e+03,9.180105437536542013e+03,9.181105340089650781e+03,9.182105242642759549e+03,9.183105145195868317e+03,9.184105047748977086e+03,9.185104950302085854e+03,9.186104852855192803e+03,9.187104755408301571e+03,9.188104657961410339e+03,9.189104560514519108e+03,9.190104463067627876e+03,9.191104365620736644e+03,9.192104268173845412e+03,9.193104170726954180e+03,9.194104073280062948e+03,9.195103975833169898e+03,9.196103878386278666e+03,9.197103780939387434e+03,9.198103683492496202e+03,9.199103586045604970e+03,9.200103488598713739e+03,9.201103391151822507e+03,9.202103293704931275e+03,9.203103196258038224e+03,9.204103098811146992e+03,9.205103001364255761e+03,9.206102903917364529e+03,9.207102806470473297e+03,9.208102709023582065e+03,9.209102611576690833e+03,9.210102514129799602e+03,9.211102416682908370e+03,9.212102319236015319e+03,9.213102221789124087e+03,9.214102124342232855e+03,9.215102026895341623e+03,9.216101929448450392e+03,9.217101832001559160e+03,9.218101734554667928e+03,9.219101637107776696e+03,9.220101539660883645e+03,9.221101442213992414e+03,9.222101344767101182e+03,9.223101247320209950e+03,9.224101149873318718e+03,9.225101052426427486e+03,9.226100954979536255e+03,9.227100857532645023e+03,9.228100760085753791e+03,9.229100662638860740e+03,9.230100565191969508e+03,9.231100467745078276e+03,9.232100370298187045e+03,9.233100272851295813e+03,9.234100175404404581e+03,9.235100077957513349e+03,9.236099980510622117e+03,9.237099883063729067e+03,9.238099785616837835e+03,9.239099688169946603e+03,9.240099590723055371e+03,9.241099493276164139e+03,9.242099395829272908e+03,9.243099298382381676e+03,9.244099200935490444e+03,9.245099103488599212e+03,9.246099006041706161e+03,9.247098908594814930e+03,9.248098811147923698e+03,9.249098713701032466e+03,9.250098616254141234e+03,9.251098518807250002e+03,9.252098421360358770e+03,9.253098323913467539e+03,9.254098226466576307e+03,9.255098129019683256e+03,9.256098031572792024e+03,9.257097934125900792e+03,9.258097836679009561e+03,9.259097739232118329e+03,9.260097641785227097e+03,9.261097544338335865e+03,9.262097446891444633e+03,9.263097349444551583e+03,9.264097251997660351e+03,9.265097154550769119e+03,9.266097057103877887e+03,9.267096959656986655e+03,9.268096862210095424e+03,9.269096764763204192e+03,9.270096667316312960e+03,9.271096569869421728e+03,9.272096472422528677e+03,9.273096374975637445e+03,9.274096277528746214e+03,9.275096180081854982e+03,9.276096082634963750e+03,9.277095985188072518e+03,9.278095887741181286e+03,9.279095790294290055e+03,9.280095692847397004e+03,9.281095595400505772e+03,9.282095497953614540e+03,9.283095400506723308e+03,9.284095303059832077e+03,9.285095205612940845e+03,9.286095108166049613e+03,9.287095010719158381e+03,9.288094913272267149e+03,9.289094815825374098e+03,9.290094718378482867e+03,9.291094620931591635e+03,9.292094523484700403e+03,9.293094426037809171e+03,9.294094328590917939e+03,9.295094231144026708e+03,9.296094133697135476e+03,9.297094036250242425e+03,9.298093938803351193e+03,9.299093841356459961e+03,9.300093743909568730e+03,9.301093646462677498e+03,9.302093549015786266e+03,9.303093451568895034e+03,9.304093354122003802e+03,9.305093256675112571e+03,9.306093159228219520e+03,9.307093061781328288e+03,9.308092964334437056e+03,9.309092866887545824e+03,9.310092769440654592e+03,9.311092671993763361e+03,9.312092574546872129e+03,9.313092477099980897e+03,9.314092379653087846e+03,9.315092282206196614e+03,9.316092184759305383e+03,9.317092087312414151e+03,9.318091989865522919e+03,9.319091892418631687e+03,9.320091794971740455e+03,9.321091697524849224e+03,9.322091600077957992e+03,9.323091502631064941e+03,9.324091405184173709e+03,9.325091307737282477e+03,9.326091210290391246e+03,9.327091112843500014e+03,9.328091015396608782e+03,9.329090917949717550e+03,9.330090820502826318e+03,9.331090723055935086e+03,9.332090625609042036e+03,9.333090528162150804e+03,9.334090430715259572e+03,9.335090333268368340e+03,9.336090235821477108e+03,9.337090138374585877e+03,9.338090040927694645e+03,9.339089943480803413e+03,9.340089846033910362e+03,9.341089748587019130e+03,9.342089651140127899e+03,9.343089553693236667e+03,9.344089456246345435e+03,9.345089358799454203e+03,9.346089261352562971e+03,9.347089163905671739e+03,9.348089066458780508e+03,9.349088969011887457e+03,9.350088871564996225e+03,9.351088774118104993e+03,9.352088676671213761e+03,9.353088579224322530e+03,9.354088481777431298e+03,9.355088384330540066e+03,9.356088286883648834e+03,9.357088189436755783e+03,9.358088091989864552e+03,9.359087994542973320e+03,9.360087897096082088e+03,9.361087799649190856e+03,9.362087702202299624e+03,9.363087604755408393e+03,9.364087507308517161e+03,9.365087409861625929e+03,9.366087312414732878e+03,9.367087214967841646e+03,9.368087117520950414e+03,9.369087020074059183e+03,9.370086922627167951e+03,9.371086825180276719e+03,9.372086727733385487e+03,9.373086630286494255e+03,9.374086532839601205e+03,9.375086435392709973e+03,9.376086337945818741e+03,9.377086240498927509e+03,9.378086143052036277e+03,9.379086045605145046e+03,9.380085948158253814e+03,9.381085850711362582e+03,9.382085753264471350e+03,9.383085655817578299e+03,9.384085558370687068e+03,9.385085460923795836e+03,9.386085363476904604e+03,9.387085266030013372e+03,9.388085168583122140e+03,9.389085071136230908e+03,9.390084973689339677e+03,9.391084876242448445e+03,9.392084778795555394e+03,9.393084681348664162e+03,9.394084583901772930e+03,9.395084486454881699e+03,9.396084389007990467e+03,9.397084291561099235e+03,9.398084194114208003e+03,9.399084096667316771e+03,9.400083999220423721e+03,9.401083901773532489e+03,9.402083804326641257e+03,9.403083706879750025e+03,9.404083609432858793e+03,9.405083511985967561e+03,9.406083414539076330e+03,9.407083317092185098e+03,9.408083219645293866e+03,9.409083122198400815e+03,9.410083024751509583e+03,9.411082927304618352e+03,9.412082829857727120e+03,9.413082732410835888e+03,9.414082634963944656e+03,9.415082537517053424e+03,9.416082440070162193e+03,9.417082342623269142e+03,9.418082245176377910e+03,9.419082147729486678e+03,9.420082050282595446e+03,9.421081952835704215e+03,9.422081855388812983e+03,9.423081757941921751e+03,9.424081660495030519e+03,9.425081563048139287e+03,9.426081465601246236e+03,9.427081368154355005e+03,9.428081270707463773e+03,9.429081173260572541e+03,9.430081075813681309e+03,9.431080978366790077e+03,9.432080880919898846e+03,9.433080783473007614e+03,9.434080686026114563e+03,9.435080588579223331e+03,9.436080491132332099e+03,9.437080393685440868e+03,9.438080296238549636e+03,9.439080198791658404e+03,9.440080101344767172e+03,9.441080003897875940e+03,9.442079906450984708e+03,9.443079809004091658e+03,9.444079711557200426e+03,9.445079614110309194e+03,9.446079516663417962e+03,9.447079419216526730e+03,9.448079321769635499e+03,9.449079224322744267e+03,9.450079126875853035e+03,9.451079029428959984e+03,9.452078931982068752e+03,9.453078834535177521e+03,9.454078737088286289e+03,9.455078639641395057e+03,9.456078542194503825e+03,9.457078444747612593e+03,9.458078347300721362e+03,9.459078249853830130e+03,9.460078152406937079e+03,9.461078054960045847e+03,9.462077957513154615e+03,9.463077860066263383e+03,9.464077762619372152e+03,9.465077665172480920e+03,9.466077567725589688e+03,9.467077470278698456e+03,9.468077372831807224e+03,9.469077275384914174e+03,9.470077177938022942e+03,9.471077080491131710e+03,9.472076983044240478e+03,9.473076885597349246e+03,9.474076788150458015e+03,9.475076690703566783e+03,9.476076593256675551e+03,9.477076495809782500e+03,9.478076398362891268e+03,9.479076300916000037e+03,9.480076203469108805e+03,9.481076106022217573e+03,9.482076008575326341e+03,9.483075911128435109e+03,9.484075813681543877e+03,9.485075716234652646e+03,9.486075618787759595e+03,9.487075521340868363e+03,9.488075423893977131e+03,9.489075326447085899e+03,9.490075229000194668e+03,9.491075131553303436e+03,9.492075034106412204e+03,9.493074936659520972e+03,9.494074839212627921e+03,9.495074741765736690e+03,9.496074644318845458e+03,9.497074546871954226e+03,9.498074449425062994e+03,9.499074351978171762e+03,9.500074254531280531e+03,9.501074157084389299e+03,9.502074059637498067e+03,9.503073962190605016e+03,9.504073864743713784e+03,9.505073767296822552e+03,9.506073669849931321e+03,9.507073572403040089e+03,9.508073474956148857e+03,9.509073377509257625e+03,9.510073280062366393e+03,9.511073182615473343e+03,9.512073085168582111e+03,9.513072987721690879e+03,9.514072890274799647e+03,9.515072792827908415e+03,9.516072695381017184e+03,9.517072597934125952e+03,9.518072500487234720e+03,9.519072403040343488e+03,9.520072305593450437e+03,9.521072208146559205e+03,9.522072110699667974e+03,9.523072013252776742e+03,9.524071915805885510e+03,9.525071818358994278e+03,9.526071720912103046e+03,9.527071623465211815e+03,9.528071526018320583e+03,9.529071428571427532e+03,9.530071331124536300e+03,9.531071233677645068e+03,9.532071136230753837e+03,9.533071038783862605e+03,9.534070941336971373e+03,9.535070843890080141e+03,9.536070746443188909e+03,9.537070648996295859e+03,9.538070551549404627e+03,9.539070454102513395e+03,9.540070356655622163e+03,9.541070259208730931e+03,9.542070161761839699e+03,9.543070064314948468e+03,9.544069966868057236e+03,9.545069869421166004e+03,9.546069771974272953e+03,9.547069674527381721e+03,9.548069577080490490e+03,9.549069479633599258e+03,9.550069382186708026e+03,9.551069284739816794e+03,9.552069187292925562e+03,9.553069089846034331e+03,9.554068992399141280e+03,9.555068894952250048e+03,9.556068797505358816e+03,9.557068700058467584e+03,9.558068602611576353e+03,9.559068505164685121e+03,9.560068407717793889e+03,9.561068310270902657e+03,9.562068212824011425e+03,9.563068115377118374e+03,9.564068017930227143e+03,9.565067920483335911e+03,9.566067823036444679e+03,9.567067725589553447e+03,9.568067628142662215e+03,9.569067530695770984e+03,9.570067433248879752e+03,9.571067335801986701e+03,9.572067238355095469e+03,9.573067140908204237e+03,9.574067043461313006e+03,9.575066946014421774e+03,9.576066848567530542e+03,9.577066751120639310e+03,9.578066653673748078e+03,9.579066556226856846e+03,9.580066458779963796e+03,9.581066361333072564e+03,9.582066263886181332e+03,9.583066166439290100e+03,9.584066068992398868e+03,9.585065971545507637e+03,9.586065874098616405e+03,9.587065776651725173e+03,9.588065679204833941e+03,9.589065581757940890e+03,9.590065484311049659e+03,9.591065386864158427e+03,9.592065289417267195e+03,9.593065191970375963e+03,9.594065094523484731e+03,9.595064997076593500e+03,9.596064899629702268e+03,9.597064802182809217e+03,9.598064704735917985e+03,9.599064607289026753e+03,9.600064509842135521e+03,9.601064412395244290e+03,9.602064314948353058e+03,9.603064217501461826e+03,9.604064120054570594e+03,9.605064022607679362e+03,9.606063925160786312e+03,9.607063827713895080e+03,9.608063730267003848e+03,9.609063632820112616e+03,9.610063535373221384e+03,9.611063437926330153e+03,9.612063340479438921e+03,9.613063243032547689e+03,9.614063145585654638e+03,9.615063048138763406e+03,9.616062950691872175e+03,9.617062853244980943e+03,9.618062755798089711e+03,9.619062658351198479e+03,9.620062560904307247e+03,9.621062463457416015e+03,9.622062366010524784e+03,9.623062268563631733e+03,9.624062171116740501e+03,9.625062073669849269e+03,9.626061976222958037e+03,9.627061878776066806e+03,9.628061781329175574e+03,9.629061683882284342e+03,9.630061586435393110e+03,9.631061488988500059e+03,9.632061391541608828e+03,9.633061294094717596e+03,9.634061196647826364e+03,9.635061099200935132e+03,9.636061001754043900e+03,9.637060904307152668e+03,9.638060806860261437e+03,9.639060709413370205e+03,9.640060611966477154e+03,9.641060514519585922e+03,9.642060417072694690e+03,9.643060319625803459e+03,9.644060222178912227e+03,9.645060124732020995e+03,9.646060027285129763e+03,9.647059929838238531e+03,9.648059832391345481e+03,9.649059734944454249e+03,9.650059637497563017e+03,9.651059540050671785e+03,9.652059442603780553e+03,9.653059345156889322e+03,9.654059247709998090e+03,9.655059150263106858e+03,9.656059052816215626e+03,9.657058955369322575e+03,9.658058857922431343e+03,9.659058760475540112e+03,9.660058663028648880e+03,9.661058565581757648e+03,9.662058468134866416e+03,9.663058370687975184e+03,9.664058273241083953e+03,9.665058175794192721e+03,9.666058078347299670e+03,9.667057980900408438e+03,9.668057883453517206e+03,9.669057786006625975e+03,9.670057688559734743e+03,9.671057591112843511e+03,9.672057493665952279e+03,9.673057396219061047e+03,9.674057298772167997e+03,9.675057201325276765e+03,9.676057103878385533e+03,9.677057006431494301e+03,9.678056908984603069e+03,9.679056811537711837e+03,9.680056714090820606e+03,9.681056616643929374e+03,9.682056519197038142e+03,9.683056421750145091e+03,9.684056324303253859e+03,9.685056226856362628e+03,9.686056129409471396e+03,9.687056031962580164e+03,9.688055934515688932e+03,9.689055837068797700e+03,9.690055739621906469e+03,9.691055642175013418e+03,9.692055544728122186e+03,9.693055447281230954e+03,9.694055349834339722e+03,9.695055252387448490e+03,9.696055154940557259e+03,9.697055057493666027e+03,9.698054960046774795e+03,9.699054862599883563e+03,9.700054765152990512e+03,9.701054667706099281e+03,9.702054570259208049e+03,9.703054472812316817e+03,9.704054375365425585e+03,9.705054277918534353e+03,9.706054180471643122e+03,9.707054083024751890e+03,9.708053985577858839e+03,9.709053888130967607e+03,9.710053790684076375e+03,9.711053693237185144e+03,9.712053595790293912e+03,9.713053498343402680e+03,9.714053400896511448e+03,9.715053303449620216e+03,9.716053206002728984e+03,9.717053108555835934e+03,9.718053011108944702e+03,9.719052913662053470e+03,9.720052816215162238e+03,9.721052718768271006e+03,9.722052621321379775e+03,9.723052523874488543e+03,9.724052426427597311e+03,9.725052328980706079e+03,9.726052231533813028e+03,9.727052134086921797e+03,9.728052036640030565e+03,9.729051939193139333e+03,9.730051841746248101e+03,9.731051744299356869e+03,9.732051646852465637e+03,9.733051549405574406e+03,9.734051451958681355e+03,9.735051354511790123e+03,9.736051257064898891e+03,9.737051159618007659e+03,9.738051062171116428e+03,9.739050964724225196e+03,9.740050867277333964e+03,9.741050769830442732e+03,9.742050672383551500e+03,9.743050574936658450e+03,9.744050477489767218e+03,9.745050380042875986e+03,9.746050282595984754e+03,9.747050185149093522e+03,9.748050087702202291e+03,9.749049990255311059e+03,9.750049892808419827e+03,9.751049795361526776e+03,9.752049697914635544e+03,9.753049600467744312e+03,9.754049503020853081e+03,9.755049405573961849e+03,9.756049308127070617e+03,9.757049210680179385e+03,9.758049113233288153e+03,9.759049015786396922e+03,9.760048918339503871e+03,9.761048820892612639e+03,9.762048723445721407e+03,9.763048625998830175e+03,9.764048528551938944e+03,9.765048431105047712e+03,9.766048333658156480e+03,9.767048236211265248e+03,9.768048138764372197e+03,9.769048041317480966e+03,9.770047943870589734e+03,9.771047846423698502e+03,9.772047748976807270e+03,9.773047651529916038e+03,9.774047554083024806e+03,9.775047456636133575e+03,9.776047359189242343e+03,9.777047261742349292e+03,9.778047164295458060e+03,9.779047066848566828e+03,9.780046969401675597e+03,9.781046871954784365e+03,9.782046774507893133e+03,9.783046677061001901e+03,9.784046579614110669e+03,9.785046482167219438e+03,9.786046384720326387e+03,9.787046287273435155e+03,9.788046189826543923e+03,9.789046092379652691e+03,9.790045994932761459e+03,9.791045897485870228e+03,9.792045800038978996e+03,9.793045702592087764e+03,9.794045605145194713e+03,9.795045507698303481e+03,9.796045410251412250e+03,9.797045312804521018e+03,9.798045215357629786e+03,9.799045117910738554e+03,9.800045020463847322e+03,9.801044923016956091e+03,9.802044825570064859e+03,9.803044728123171808e+03,9.804044630676280576e+03,9.805044533229389344e+03,9.806044435782498113e+03,9.807044338335606881e+03,9.808044240888715649e+03,9.809044143441824417e+03,9.810044045994933185e+03,9.811043948548040134e+03,9.812043851101148903e+03,9.813043753654257671e+03,9.814043656207366439e+03,9.815043558760475207e+03,9.816043461313583975e+03,9.817043363866692744e+03,9.818043266419801512e+03,9.819043168972910280e+03,9.820043071526017229e+03,9.821042974079125997e+03,9.822042876632234766e+03,9.823042779185343534e+03,9.824042681738452302e+03,9.825042584291561070e+03,9.826042486844669838e+03,9.827042389397778607e+03,9.828042291950885556e+03,9.829042194503994324e+03,9.830042097057103092e+03,9.831041999610211860e+03,9.832041902163320628e+03,9.833041804716429397e+03,9.834041707269538165e+03,9.835041609822646933e+03,9.836041512375755701e+03,9.837041414928862650e+03,9.838041317481971419e+03,9.839041220035080187e+03,9.840041122588188955e+03,9.841041025141297723e+03,9.842040927694406491e+03,9.843040830247515260e+03,9.844040732800624028e+03,9.845040635353730977e+03,9.846040537906839745e+03,9.847040440459948513e+03,9.848040343013057281e+03,9.849040245566166050e+03,9.850040148119274818e+03,9.851040050672383586e+03,9.852039953225492354e+03,9.853039855778601122e+03,9.854039758331708072e+03,9.855039660884816840e+03,9.856039563437925608e+03,9.857039465991034376e+03,9.858039368544143144e+03,9.859039271097251913e+03,9.860039173650360681e+03,9.861039076203469449e+03,9.862038978756578217e+03,9.863038881309685166e+03,9.864038783862793935e+03,9.865038686415902703e+03,9.866038588969011471e+03,9.867038491522120239e+03,9.868038394075229007e+03,9.869038296628337775e+03,9.870038199181446544e+03,9.871038101734553493e+03,9.872038004287662261e+03,9.873037906840771029e+03,9.874037809393879797e+03,9.875037711946988566e+03,9.876037614500097334e+03,9.877037517053206102e+03,9.878037419606314870e+03,9.879037322159423638e+03,9.880037224712530588e+03,9.881037127265639356e+03,9.882037029818748124e+03,9.883036932371856892e+03,9.884036834924965660e+03,9.885036737478074429e+03,9.886036640031183197e+03,9.887036542584291965e+03,9.888036445137398914e+03,9.889036347690507682e+03,9.890036250243616450e+03,9.891036152796725219e+03,9.892036055349833987e+03,9.893035957902942755e+03,9.894035860456051523e+03,9.895035763009160291e+03,9.896035665562269060e+03,9.897035568115376009e+03,9.898035470668484777e+03,9.899035373221593545e+03,9.900035275774702313e+03,9.901035178327811082e+03,9.902035080880919850e+03,9.903034983434028618e+03,9.904034885987137386e+03,9.905034788540244335e+03,9.906034691093353103e+03,9.907034593646461872e+03,9.908034496199570640e+03,9.909034398752679408e+03,9.910034301305788176e+03,9.911034203858896944e+03,9.912034106412005713e+03,9.913034008965114481e+03,9.914033911518221430e+03,9.915033814071330198e+03,9.916033716624438966e+03,9.917033619177547735e+03,9.918033521730656503e+03,9.919033424283765271e+03,9.920033326836874039e+03,9.921033229389982807e+03,9.922033131943091576e+03,9.923033034496198525e+03,9.924032937049307293e+03,9.925032839602416061e+03,9.926032742155524829e+03,9.927032644708633597e+03,9.928032547261742366e+03,9.929032449814851134e+03,9.930032352367959902e+03,9.931032254921066851e+03,9.932032157474175619e+03,9.933032060027284388e+03,9.934031962580393156e+03,9.935031865133501924e+03,9.936031767686610692e+03,9.937031670239719460e+03,9.938031572792828229e+03,9.939031475345936997e+03,9.940031377899043946e+03,9.941031280452152714e+03,9.942031183005261482e+03,9.943031085558370251e+03,9.944030988111479019e+03,9.945030890664587787e+03,9.946030793217696555e+03,9.947030695770805323e+03,9.948030598323912272e+03,9.949030500877021041e+03,9.950030403430129809e+03,9.951030305983238577e+03,9.952030208536347345e+03,9.953030111089456113e+03,9.954030013642564882e+03,9.955029916195673650e+03,9.956029818748782418e+03,9.957029721301889367e+03,9.958029623854998135e+03,9.959029526408106904e+03,9.960029428961215672e+03,9.961029331514324440e+03,9.962029234067433208e+03,9.963029136620541976e+03,9.964029039173650744e+03,9.965028941726757694e+03,9.966028844279866462e+03,9.967028746832975230e+03,9.968028649386083998e+03,9.969028551939192766e+03,9.970028454492301535e+03,9.971028357045410303e+03,9.972028259598519071e+03,9.973028162151627839e+03,9.974028064704734788e+03,9.975027967257843557e+03,9.976027869810952325e+03,9.977027772364061093e+03,9.978027674917169861e+03,9.979027577470278629e+03,9.980027480023387398e+03,9.981027382576496166e+03,9.982027285129603115e+03,9.983027187682711883e+03,9.984027090235820651e+03,9.985026992788929419e+03,9.986026895342038188e+03,9.987026797895146956e+03,9.988026700448255724e+03,9.989026603001364492e+03,9.990026505554473260e+03,9.991026408107580210e+03,9.992026310660688978e+03,9.993026213213797746e+03,9.994026115766906514e+03,9.995026018320015282e+03,9.996025920873124051e+03,9.997025823426232819e+03,9.998025725979341587e+03,9.999025628532450355e+03,1.000002553108555730e+04,1.000102543363866607e+04,1.000202533619177484e+04,1.000302523874488361e+04,1.000402514129799238e+04,1.000502504385110115e+04,1.000602494640420991e+04,1.000702484895731868e+04,1.000802475151042563e+04,1.000902465406353440e+04,1.001002455661664317e+04,1.001102445916975194e+04,1.001202436172286070e+04,1.001302426427596947e+04,1.001402416682907824e+04,1.001502406938218701e+04,1.001602397193529578e+04,1.001702387448840273e+04,1.001802377704151149e+04,1.001902367959462026e+04,1.002002358214772903e+04,1.002102348470083780e+04,1.002202338725394657e+04,1.002302328980705533e+04,1.002402319236016410e+04,1.002502309491327105e+04,1.002602299746637982e+04,1.002702290001948859e+04,1.002802280257259736e+04,1.002902270512570612e+04,1.003002260767881489e+04,1.003102251023192366e+04,1.003202241278503243e+04,1.003302231533814120e+04,1.003402221789124815e+04,1.003502212044435691e+04,1.003602202299746568e+04,1.003702192555057445e+04,1.003802182810368322e+04,1.003902173065679199e+04,1.004002163320990076e+04,1.004102153576300952e+04,1.004202143831611647e+04,1.004302134086922524e+04,1.004402124342233401e+04,1.004502114597544278e+04,1.004602104852855155e+04,1.004702095108166031e+04,1.004802085363476908e+04,1.004902075618787785e+04,1.005002065874098662e+04,1.005102056129409357e+04,1.005202046384720234e+04,1.005302036640031110e+04,1.005402026895341987e+04,1.005502017150652864e+04,1.005602007405963741e+04,1.005701997661274618e+04,1.005801987916585495e+04,1.005901978171896371e+04,1.006001968427207066e+04,1.006101958682517943e+04,1.006201948937828820e+04,1.006301939193139697e+04,1.006401929448450574e+04,1.006501919703761450e+04,1.006601909959072327e+04,1.006701900214383204e+04,1.006801890469693899e+04,1.006901880725004776e+04,1.007001870980315653e+04,1.007101861235626529e+04,1.007201851490937406e+04,1.007301841746248283e+04,1.007401832001559160e+04,1.007501822256870037e+04,1.007601812512180913e+04,1.007701802767491608e+04,1.007801793022802485e+04,1.007901783278113362e+04,1.008001773533424239e+04,1.008101763788735116e+04,1.008201754044045992e+04,1.008301744299356869e+04,1.008401734554667746e+04,1.008501724809978441e+04,1.008601715065289318e+04,1.008701705320600195e+04,1.008801695575911072e+04,1.008901685831221948e+04,1.009001676086532825e+04,1.009101666341843702e+04,1.009201656597154579e+04,1.009301646852465456e+04,1.009401637107776151e+04,1.009501627363087027e+04,1.009601617618397904e+04,1.009701607873708781e+04,1.009801598129019658e+04,1.009901588384330535e+04,1.010001578639641411e+04,1.010101568894952288e+04,1.010201559150262983e+04,1.010301549405573860e+04,1.010401539660884737e+04,1.010501529916195614e+04,1.010601520171506490e+04,1.010701510426817367e+04,1.010801500682128244e+04,1.010901490937439121e+04,1.011001481192749998e+04,1.011101471448060693e+04,1.011201461703371569e+04,1.011301451958682446e+04,1.011401442213993323e+04,1.011501432469304200e+04,1.011601422724615077e+04,1.011701412979925954e+04,1.011801403235236830e+04,1.011901393490547707e+04,1.012001383745858402e+04,1.012101374001169279e+04,1.012201364256480156e+04,1.012301354511791033e+04,1.012401344767101909e+04,1.012501335022412786e+04,1.012601325277723663e+04,1.012701315533034540e+04,1.012801305788345235e+04,1.012901296043656112e+04,1.013001286298966988e+04,1.013101276554277865e+04,1.013201266809588742e+04,1.013301257064899619e+04,1.013401247320210496e+04,1.013501237575521372e+04,1.013601227830832249e+04,1.013701218086142944e+04,1.013801208341453821e+04,1.013901198596764698e+04,1.014001188852075575e+04,1.014101179107386452e+04,1.014201169362697328e+04,1.014301159618008205e+04,1.014401149873319082e+04,1.014501140128629777e+04,1.014601130383940654e+04,1.014701120639251531e+04,1.014801110894562407e+04,1.014901101149873284e+04,1.015001091405184161e+04,1.015101081660495038e+04,1.015201071915805915e+04,1.015301062171116791e+04,1.015401052426427486e+04,1.015501042681738363e+04,1.015601032937049240e+04,1.015701023192360117e+04,1.015801013447670994e+04,1.015901003702981870e+04,1.016000993958292747e+04,1.016100984213603624e+04,1.016200974468914319e+04,1.016300964724225196e+04,1.016400954979536073e+04,1.016500945234846949e+04,1.016600935490157826e+04,1.016700925745468703e+04,1.016800916000779580e+04,1.016900906256090457e+04,1.017000896511401334e+04,1.017100886766712028e+04,1.017200877022022905e+04,1.017300867277333782e+04,1.017400857532644659e+04,1.017500847787955536e+04,1.017600838043266413e+04,1.017700828298577289e+04,1.017800818553888166e+04,1.017900808809198861e+04,1.018000799064509738e+04,1.018100789319820615e+04,1.018200779575131492e+04,1.018300769830442368e+04,1.018400760085753245e+04,1.018500750341064122e+04,1.018600740596374999e+04,1.018700730851685876e+04,1.018800721106996571e+04,1.018900711362307447e+04,1.019000701617618324e+04,1.019100691872929201e+04,1.019200682128240078e+04,1.019300672383550955e+04,1.019400662638861832e+04,1.019500652894172708e+04,1.019600643149483585e+04,1.019700633404794280e+04,1.019800623660105157e+04,1.019900613915416034e+04,1.020000604170726911e+04,1.020100594426037787e+04,1.020200584681348664e+04,1.020300574936659541e+04,1.020400565191970418e+04,1.020500555447281113e+04,1.020600545702591990e+04,1.020700535957902866e+04,1.020800526213213743e+04,1.020900516468524620e+04,1.021000506723835497e+04,1.021100496979146374e+04,1.021200487234457250e+04,1.021300477489768127e+04,1.021400467745078822e+04,1.021500458000389699e+04,1.021600448255700576e+04,1.021700438511011453e+04,1.021800428766322329e+04,1.021900419021633206e+04,1.022000409276944083e+04,1.022100399532254960e+04,1.022200389787565655e+04,1.022300380042876532e+04,1.022400370298187408e+04,1.022500360553498285e+04,1.022600350808809162e+04,1.022700341064120039e+04,1.022800331319430916e+04,1.022900321574741793e+04,1.023000311830052669e+04,1.023100302085363364e+04,1.023200292340674241e+04,1.023300282595985118e+04,1.023400272851295995e+04,1.023500263106606872e+04,1.023600253361917748e+04,1.023700243617228625e+04,1.023800233872539502e+04,1.023900224127850197e+04,1.024000214383161074e+04,1.024100204638471951e+04,1.024200194893782827e+04,1.024300185149093704e+04,1.024400175404404581e+04,1.024500165659715458e+04,1.024600155915026335e+04,1.024700146170337212e+04,1.024800136425647906e+04,1.024900126680958783e+04,1.025000116936269660e+04,1.025100107191580537e+04,1.025200097446891414e+04,1.025300087702202291e+04,1.025400077957513167e+04,1.025500068212824044e+04,1.025600058468134921e+04,1.025700048723445616e+04,1.025800038978756493e+04,1.025900029234067370e+04,1.026000019489378246e+04,1.026100009744689123e+04
6.230000000000000000e+02,4.490000000000000000e+02,2.790000000000000000e+02,2.580000000000000000e+02,1.620000000000000000e+02,1.610000000000000000e+02,1.260000000000000000e+02,1.310000000000000000e+02,1.040000000000000000e+02,9.500000000000000000e+01,7.500000000000000000e+01,8.700000000000000000e+01,7.200000000000000000e+01,5.400000000000000000e+01,5.400000000000000000e+01,4.500000000000000000e+01,5.700000000000000000e+01,5.100000000000000000e+01,3.400000000000000000e+01,3.700000000000000000e+01,3.200000000000000000e+01,3.500000000000000000e+01,4.300000000000000000e+01,2.800000000000000000e+01,3.700000000000000000e+01,3.000000000000000000e+01,3.300000000000000000e+01,2.500000000000000000e+01,2.800000000000000000e+01,2.700000000000000000e+01,1.500000000000000000e+01,2.100000000000000000e+01,2.600000000000000000e+01,2.100000000000000000e+01,2.000000000000000000e+01,2.100000000000000000e+01,2.100000000000000000e+01,2.000000000000000000e+01,2.000000000000000000e+01,1.900000000000000000e+01,2.300000000000000000e+01,1.400000000000000000e+01,2.700000000000000000e+01,1.600000000000000000e+01,1.700000000000000000e+01,1.700000000000000000e+01,1.300000000000000000e+01,7.000000000000000000e+00,1.000000000000000000e+01,1.900000000000000000e+01,8.000000000000000000e+00,1.300000000000000000e+01,1.300000000000000000e+01,1.200000000000000000e+01,1.000000000000000000e+01,1.400000000000000000e+01,1.100000000000000000e+01,1.300000000000000000e+01,1.100000000000000000e+01,9.000000000000000000e+00,1.100000000000000000e+01,5.000000000000000000e+00,1.100000000000000000e+01,1.000000000000000000e+01,7.000000000000000000e+00,1.200000000000000000e+01,6.000000000000000000e+00,8.000000000000000000e+00,8.000000000000000000e+00,9.000000000000000000e+00,5.000000000000000000e+00,1.100000000000000000e+01,1.000000000000000000e+01,1.100000000000000000e+01,1.000000000000000000e+01,6.000000000000000000e+00,1.000000000000000000e+01,7.000000000000000000e+00,5.000000000000000000e+00,1.200000000000000000e+01,1.000000000000000000e+01,5.000000000000000000e+00,8.000000000000000000e+00,5.000000000000000000e+00,6.000000000000000000e+00,1.100000000000000000e+01,7.000000000000000000e+00,6.000000000000000000e+00,8.000000000000000000e+00,4.000000000000000000e+00,4.000000000000000000e+00,7.000000000000000000e+00,8.000000000000000000e+00,8.000000000000000000e+00,3.000000000000000000e+00,1.100000000000000000e+01,4.000000000000000000e+00,7.000000000000000000e+00,8.000000000000000000e+00,9.000000000000000000e+00,5.000000000000000000e+00,7.000000000000000000e+00,5.000000000000000000e+00,1.200000000000000000e+01,5.000000000000000000e+00,1.200000000000000000e+01,4.000000000000000000e+00,7.000000000000000000e+00,3.000000000000000000e+00,2.000000000000000000e+00,6.000000000000000000e+00,4.000000000000000000e+00,5.000000000000000000e+00,5.000000000000000000e+00,5.000000000000000000e+00,5.000000000000000000e+00,7.000000000000000000e+00,8.000000000000000000e+00,6.000000000000000000e+00,4.000000000000000000e+00,3.000000000000000000e+00,4.000000000000000000e+00,3.000000000000000000e+00,4.000000000000000000e+00,2.000000000000000000e+00,7.000000000000000000e+00,3.000000000000000000e+00,1.000000000000000000e+00,4.000000000000000000e+00,6.000000000000000000e+00,5.000000000000000000e+00,4.000000000000000000e+00,3.000000000000000000e+00,4.000000000000000000e+00,3.000000000000000000e+00,4.000000000000000000e+00,5.000000000000000000e+00,6.000000000000000000e+00,5.000000000000000000e+00,7.000000000000000000e+00,4.000000000000000000e+00,3.000000000000000000e+00,6.000000000000000000e+00,1.000000000000000000e+00,1.000000000000000000e+00,2.000000000000000000e+00,5.000000000000000000e+00,2.000000000000000000e+00,2.000000000000000000e+00,0.000000000000000000e+00,3.000000000000000000e+00,3.000000000000000000e+00,2.000000000000000000e+00,1.000000000000000000e+00,5.000000000000000000e+00,4.000000000000000000e+00,4.000000000000000000e+00,3.000000000000000000e+00,3.000000000000000000e+00,3.000000000000000000e+00,2.000000000000000000e+00,3.000000000000000000e+00,0.000000000000000000e+00,2.000000000000000000e+00,1.000000000000000000e+00,0.000000000000000000e+00,2.000000000000000000e+00,1.000000000000000000e+00,1.000000000000000000e+00,1.000000000000000000e+00,0.000000000000000000e+00,0.000000000000000000e+00,2.000000000000000000e+00,0.000000000000000000e+00,4.000000000000000000e+00,5.000000000000000000e+00,4.000000000000000000e+00,3.000000000000000000e+00,3.000000000000000000e+00,3.000000000000000000e+00,3.000000000000000000e+00,4.000000000000000000e+00,1.000000000000000000e+00,4.000000000000000000e+00,6.000000000000000000e+00,4.000000000000000000e+00,3.000000000000000000e+00,2.000000000000000000e+00,4.000000000000000000e+00,4.000000000000000000e+00,4.000000000000000000e+00,1.000000000000000000e+00,5.000000000000000000e+00,0.000000000000000000e+00,3.000000000000000000e+00,5.000000000000000000e+00,4.000000000000000000e+00,3.000000000000000000e+00,1.000000000000000000e+00,3.000000000000000000e+00,5.000000000000000000e+00,2.000000000000000000e+00,0.000000000000000000e+00,3.000000000000000000e+00,0.000000000000000000e+00,2.000000000000000000e+00,1.000000000000000000e+00,2.000000000000000000e+00,1.000000000000000000e+00,2.000000000000000000e+00,3.000000000000000000e+00,2.000000000000000000e+00,3.000000000000000000e+00,1.000000000000000000e+00,2.000000000000000000e+00,1.000000000000000000e+00,0.000000000000000000e+00,2.000000000000000000e+00,5.000000000000000000e+00,0.000000000000000000e+00,2.000000000000000000e+00,4.000000000000000000e+00,4.000000000000000000e+00,3.000000000000000000e+00,2.000000000000000000e+00,4.000000000000000000e+00,2.000000000000000000e+00,1.000000000000000000e+00,1.000000000000000000e+00,4.000000000000000000e+00,3.000000000000000000e+00,1.000000000000000000e+00,2.000000000000000000e+00,3.000000000000000000e+00,2.000000000000000000e+00,2.000000000000000000e+00,2.000000000000000000e+00,1.000000000000000000e+00,5.000000000000000000e+00,2.000000000000000000e+00,0.000000000000000000e+00,4.000000000000000000e+00,0.000000000000000000e+00,0.000000000000000000e+00,1.000000000000000000e+00,3.000000000000000000e+00,1.000000000000000000e+00,4.000000000000000000e+00,1.000000000000000000e+00,1.000000000000000000e+00,0.000000000000000000e+00,2.000000000000000000e+00,1.000000000000000000e+00,0.000000000000000000e+00,0.000000000000000000e+00,2.000000000000000000e+00,1.000000000000000000e+00,3.000000000000000000e+00,1.000000000000000000e+00,3.000000000000000000e+00,3.000000000000000000e+00,1.000000000000000000e+00,1.000000000000000000e+00,1.000000000000000000e+00,0.000000000000000000e+00,0.000000000000000000e+00,1.000000000000000000e+00,3.000000000000000000e+00,2.000000000000000000e+00,1.000000000000000000e+00,2.000000000000000000e+00,1.000000000000000000e+00,3.000000000000000000e+00,2.000000000000000000e+00,0.000000000000000000e+00,1.000000000000000000e+00,1.000000000000000000e+00,1.000000000000000000e+00,0.000000000000000000e+00,0.000000000000000000e+00,3.000000000000000000e+00,0.000000000000000000e+00,2.000000000000000000e+00,2.000000000000000000e+00,0.000000000000000000e+00,0.000000000000000000e+00,1.000000000000000000e+00,1.000000000000000000e+00,0.000000000000000000e+00,1.000000000000000000e+00,0.000000000000000000e+00,1.000000000000000000e+00,1.000000000000000000e+00,1.000000000000000000e+00,0.000000000000000000e+00,3.000000000000000000e+00,0.000000000000000000e+00,1.000000000000000000e+00,1.000000000000000000e+00,2.000000000000000000e+00,3.000000000000000000e+00,0.000000000000000000e+00,1.000000000000000000e+00,0.000000000000000000e+00,0.000000000000000000e+00,3.000000000000000000e+00,0.000000000000000000e+00,1.000000000000000000e+00,2.000000000000000000e+00,0.000000000000000000e+00,3.000000000000000000e+00,1.000000000000000000e+00,1.000000000000000000e+00,2.000000000000000000e+00,3.000000000000000000e+00,1.000000000000000000e+00,1.000000000000000000e+00,1.000000000000000000e+00,1.000000000000000000e+00,2.000000000000000000e+00,0.000000000000000000e+00,1.000000000000000000e+00,2.000000000000000000e+00,2.000000000000000000e+00,0.000000000000000000e+00,2.000000000000000000e+00,0.000000000000000000e+00,1.000000000000000000e+00,3.000000000000000000e+00,1.000000000000000000e+00,0.000000000000000000e+00,3.000000000000000000e+00,2.000000000000000000e+00,1.000000000000000000e+00,0.000000000000000000e+00,0.000000000000000000e+00,1.000000000000000000e+00,0.000000000000000000e+00,1.000000000000000000e+00,1.000000000000000000e+00,1.000000000000000000e+00,2.000000000000000000e+00,2.000000000000000000e+00,1.000000000000000000e+00,0.000000000000000000e+00,0.000000000000000000e+00,1.000000000000000000e+00,1.000000000000000000e+00,1.000000000000000000e+00,3.000000000000000000e+00,1.000000000000000000e+00,0.000000000000000000e+00,2.000000000000000000e+00,0.000000000000000000e+00,0.000000000000000000e+00,2.000000000000000000e+00,1.000000000000000000e+00,1.000000000000000000e+00,0.000000000000000000e+00,1.000000000000000000e+00,0.000000000000000000e+00,1.000000000000000000e+00,0.000000000000000000e+00,1.000000000000000000e+00,0.000000000000000000e+00,1.000000000000000000e+00,0.000000000000000000e+00,1.000000000000000000e+00,2.000000000000000000e+00,3.000000000000000000e+00,1.000000000000000000e+00,1.000000000000000000e+00,0.000000000000000000e+00,1.000000000000000000e+00,3.000000000000000000e+00,0.000000000000000000e+00,2.000000000000000000e+00,1.000000000000000000e+00,0.000000000000000000e+00,2.000000000000000000e+00,0.000000000000000000e+00,1.000000000000000000e+00,0.000000000000000000e+00,2.000000000000000000e+00,1.000000000000000000e+00,2.000000000000000000e+00,1.000000000000000000e+00,4.000000000000000000e+00,1.000000000000000000e+00,1.000000000000000000e+00,1.000000000000000000e+00,0.000000000000000000e+00,1.000000000000000000e+00,0.000000000000000000e+00,1.000000000000000000e+00,3.000000000000000000e+00,1.000000000000000000e+00,1.000000000000000000e+00,2.000000000000000000e+00,2.000000000000000000e+00,2.000000000000000000e+00,1.000000000000000000e+00,1.000000000000000000e+00,1.000000000000000000e+00,0.000000000000000000e+00,3.000000000000000000e+00,0.000000000000000000e+00,2.000000000000000000e+00,1.000000000000000000e+00,1.000000000000000000e+00,0.000000000000000000e+00,0.000000000000000000e+00,2.000000000000000000e+00,2.000000000000000000e+00,0.000000000000000000e+00,1.000000000000000000e+00,0.000000000000000000e+00,1.000000000000000000e+00,3.000000000000000000e+00,0.000000000000000000e+00,3.000000000000000000e+00,3.000000000000000000e+00,0.000000000000000000e+00,2.000000000000000000e+00,1.000000000000000000e+00,0.000000000000000000e+00,1.000000000000000000e+00,2.000000000000000000e+00,2.000000000000000000e+00,0.000000000000000000e+00,0.000000000000000000e+00,0.000000000000000000e+00,1.000000000000000000e+00,1.000000000000000000e+00,1.000000000000000000e+00,0.000000000000000000e+00,1.000000000000000000e+00,2.000000000000000000e+00,1.000000000000000000e+00,0.000000000000000000e+00,0.000000000000000000e+00,1.000000000000000000e+00,0.000000000000000000e+00,0.000000000000000000e+00,0.000000000000000000e+00,1.000000000000000000e+00,1.000000000000000000e+00,1.000000000000000000e+00,2.000000000000000000e+00,1.000000000000000000e+00,1.000000000000000000e+00,0.000000000000000000e+00,1.000000000000000000e+00,1.000000000000000000e+00,2.000000000000000000e+00,0.000000000000000000e+00,1.000000000000000000e+00,0.000000000000000000e+00,0.000000000000000000e+00,0.000000000000000000e+00,1.000000000000000000e+00,1.000000000000000000e+00,0.000000000000000000e+00,0.000000000000000000e+00,1.000000000000000000e+00,1.000000000000000000e+00,0.000000000000000000e+00,0.000000000000000000e+00,0.000000000000000000e+00,1.000000000000000000e+00,0.000000000000000000e+00,0.000000000000000000e+00,1.000000000000000000e+00,1.000000000000000000e+00,4.000000000000000000e+00,1.000000000000000000e+00,0.000000000000000000e+00,0.000000000000000000e+00,1.000000000000000000e+00,1.000000000000000000e+00,2.000000000000000000e+00,0.000000000000000000e+00,0.000000000000000000e+00,0.000000000000000000e+00,0.000000000000000000e+00,0.000000000000000000e+00,0.000000000000000000e+00,0.000000000000000000e+00,1.000000000000000000e+00,2.000000000000000000e+00,0.000000000000000000e+00,1.000000000000000000e+00,2.000000000000000000e+00,1.000000000000000000e+00,0.000000000000000000e+00,1.000000000000000000e+00,0.000000000000000000e+00,0.000000000000000000e+00,1.000000000000000000e+00,1.000000000000000000e+00,0.000000000000000000e+00,0.000000000000000000e+00,1.000000000000000000e+00,0.000000000000000000e+00,0.000000000000000000e+00,1.000000000000000000e+00,1.000000000000000000e+00,2.000000000000000000e+00,1.000000000000000000e+00,1.000000000000000000e+00,0.000000000000000000e+00,3.000000000000000000e+00,0.000000000000000000e+00,0.000000000000000000e+00,1.000000000000000000e+00,0.000000000000000000e+00,1.000000000000000000e+00,0.000000000000000000e+00,1.000000000000000000e+00,0.000000000000000000e+00,0.000000000000000000e+00,0.000000000000000000e+00,0.000000000000000000e+00,2.000000000000000000e+00,0.000000000000000000e+00,5.000000000000000000e+00,1.000000000000000000e+00,0.000000000000000000e+00,0.000000000000000000e+00,0.000000000000000000e+00,0.000000000000000000e+00,0.000000000000000000e+00,0.000000000000000000e+00,1.000000000000000000e+00,1.000000000000000000e+00,2.000000000000000000e+00,0.000000000000000000e+00,2.000000000000000000e+00,1.000000000000000000e+00,1.000000000000000000e+00,1.000000000000000000e+00,0.000000000000000000e+00,1.000000000000000000e+00,3.000000000000000000e+00,0.000000000000000000e+00,1.000000000000000000e+00,0.000000000000000000e+00,0.000000000000000000e+00,0.000000000000000000e+00,0.000000000000000000e+00,1.000000000000000000e+00,0.000000000000000000e+00,0.000000000000000000e+00,0.000000000000000000e+00,0.000000000000000000e+00,0.000000000000000000e+00,2.000000000000000000e+00,1.000000000000000000e+00,1.000000000000000000e+00,0.000000000000000000e+00,1.000000000000000000e+00,1.000000000000000000e+00,2.000000000000000000e+00,0.000000000000000000e+00,0.000000000000000000e+00,0.000000000000000000e+00,1.000000000000000000e+00,1.000000000000000000e+00,1.000000000000000000e+00,0.000000000000000000e+00,0.000000000000000000e+00,0.000000000000000000e+00,2.000000000000000000e+00,2.000000000000000000e+00,0.000000000000000000e+00,0.000000000000000000e+00,1.000000000000000000e+00,0.000000000000000000e+00,0.000000000000000000e+00,0.000000000000000000e+00,1.000000000000000000e+00,0.000000000000000000e+00,1.000000000000000000e+00,1.000000000000000000e+00,2.000000000000000000e+00,2.000000000000000000e+00,1.000000000000000000e+00,0.000000000000000000e+00,0.000000000000000000e+00,0.000000000000000000e+00,1.000000000000000000e+00,0.000000000000000000e+00,0.000000000000000000e+00,1.000000000000000000e+00,0.000000000000000000e+00,0.000000000000000000e+00,0.000000000000000000e+00,0.000000000000000000e+00,1.000000000000000000e+00,2.000000000000000000e+00,1.000000000000000000e+00,0.000000000000000000e+00,0.000000000000000000e+00,1.000000000000000000e+00,0.000000000000000000e+00,0.000000000000000000e+00,0.000000000000000000e+00,1.000000000000000000e+00,0.000000000000000000e+00,1.000000000000000000e+00,0.000000000000000000e+00,1.000000000000000000e+00,0.000000000000000000e+00,0.000000000000000000e+00,1.000000000000000000e+00,0.000000000000000000e+00,0.000000000000000000e+00,1.000000000000000000e+00,1.000000000000000000e+00,0.000000000000000000e+00,1.000000000000000000e+00,1.000000000000000000e+00,1.000000000000000000e+00,0.000000000000000000e+00,0.000000000000000000e+00,2.000000000000000000e+00,1.000000000000000000e+00,3.000000000000000000e+00,0.000000000000000000e+00,0.000000000000000000e+00,1.000000000000000000e+00,0.000000000000000000e+00,0.000000000000000000e+00,0.000000000000000000e+00,0.000000000000000000e+00,0.000000000000000000e+00,0.000000000000000000e+00,2.000000000000000000e+00,0.000000000000000000e+00,0.000000000000000000e+00,0.000000000000000000e+00,2.000000000000000000e+00,0.000000000000000000e+00,0.000000000000000000e+00,0.000000000000000000e+00,0.000000000000000000e+00,1.000000000000000000e+00,0.000000000000000000e+00,0.000000000000000000e+00,0.000000000000000000e+00,0.000000000000000000e+00,1.000000000000000000e+00,0.000000000000000000e+00,0.000000000000000000e+00,0.000000000000000000e+00,1.000000000000000000e+00,0.000000000000000000e+00,0.000000000000000000e+00,1.000000000000000000e+00,1.000000000000000000e+00,0.000000000000000000e+00,0.000000000000000000e+00,0.000000000000000000e+00,0.000000000000000000e+00,0.000000000000000000e+00,1.000000000000000000e+00,0.000000000000000000e+00,1.000000000000000000e+00,1.000000000000000000e+00,0.000000000000000000e+00,1.000000000000000000e+00,0.000000000000000000e+00,0.000000000000000000e+00,2.000000000000000000e+00,1.000000000000000000e+00,0.000000000000000000e+00,0.000000000000000000e+00,0.000000000000000000e+00,1.000000000000000000e+00,1.000000000000000000e+00,1.000000000000000000e+00,1.000000000000000000e+00,0.000000000000000000e+00,0.000000000000000000e+00,0.000000000000000000e+00,0.000000000000000000e+00,0.000000000000000000e+00,0.000000000000000000e+00,2.000000000000000000e+00,1.000000000000000000e+00,0.000000000000000000e+00,1.000000000000000000e+00,1.000000000000000000e+00,0.000000000000000000e+00,1.000000000000000000e+00,0.000000000000000000e+00,0.000000000000000000e+00,0.000000000000000000e+00,0.000000000000000000e+00,0.000000000000000000e+00,2.000000000000000000e+00,0.000000000000000000e+00,1.000000000000000000e+00,0.000000000000000000e+00,0.000000000000000000e+00,0.000000000000000000e+00,0.000000000000000000e+00,0.000000000000000000e+00,0.000000000000000000e+00,0.000000000000000000e+00,2.000000000000000000e+00,1.000000000000000000e+00,0.000000000000000000e+00,0.000000000000000000e+00,1.000000000000000000e+00,0.000000000000000000e+00,0.000000000000000000e+00,0.000000000000000000e+00,1.000000000000000000e+00,0.000000000000000000e+00,0.000000000000000000e+00,1.000000000000000000e+00,0.000000000000000000e+00,0.000000000000000000e+00,2.000000000000000000e+00,1.000000000000000000e+00,1.000000000000000000e+00,1.000000000000000000e+00,0.000000000000000000e+00,1.000000000000000000e+00,0.000000000000000000e+00,0.000000000000000000e+00,1.000000000000000000e+00,0.000000000000000000e+00,2.000000000000000000e+00,0.000000000000000000e+00,2.000000000000000000e+00,0.000000000000000000e+00,2.000000000000000000e+00,0.000000000000000000e+00,0.000000000000000000e+00,0.000000000000000000e+00,0.000000000000000000e+00,0.000000000000000000e+00,2.000000000000000000e+00,0.000000000000000000e+00,0.000000000000000000e+00,1.000000000000000000e+00,2.000000000000000000e+00,0.000000000000000000e+00,2.000000000000000000e+00,0.000000000000000000e+00,0.000000000000000000e+00,0.000000000000000000e+00,0.000000000000000000e+00,0.000000000000000000e+00,2.000000000000000000e+00,1.000000000000000000e+00,0.000000000000000000e+00,0.000000000000000000e+00,0.000000000000000000e+00,0.000000000000000000e+00,1.000000000000000000e+00,0.000000000000000000e+00,1.000000000000000000e+00,0.000000000000000000e+00,0.000000000000000000e+00,1.000000000000000000e+00,0.000000000000000000e+00,0.000000000000000000e+00,1.000000000000000000e+00,0.000000000000000000e+00,0.000000000000000000e+00,1.000000000000000000e+00,0.000000000000000000e+00,0.000000000000000000e+00,2.000000000000000000e+00,0.000000000000000000e+00,0.000000000000000000e+00,0.000000000000000000e+00,0.000000000000000000e+00,0.000000000000000000e+00,0.000000000000000000e+00,0.000000000000000000e+00,1.000000000000000000e+00,0.000000000000000000e+00,0.000000000000000000e+00,0.000000000000000000e+00,0.000000000000000000e+00,2.000000000000000000e+00,0.000000000000000000e+00,0.000000000000000000e+00,0.000000000000000000e+00,0.000000000000000000e+00,0.000000000000000000e+00,1.000000000000000000e+00,0.000000000000000000e+00,2.000000000000000000e+00,0.000000000000000000e+00,1.000000000000000000e+00,0.000000000000000000e+00,0.000000000000000000e+00,0.000000000000000000e+00,1.000000000000000000e+00,0.000000000000000000e+00,0.000000000000000000e+00,0.000000000000000000e+00,0.000000000000000000e+00,0.000000000000000000e+00,0.000000000000000000e+00,0.000000000000000000e+00,0.000000000000000000e+00,1.000000000000000000e+00,0.000000000000000000e+00,0.000000000000000000e+00,2.000000000000000000e+00,0.000000000000000000e+00,0.000000000000000000e+00,1.000000000000000000e+00,0.000000000000000000e+00,0.000000000000000000e+00,0.000000000000000000e+00,1.000000000000000000e+00,0.000000000000000000e+00,1.000000000000000000e+00,0.000000000000000000e+00,0.000000000000000000e+00,1.000000000000000000e+00,0.000000000000000000e+00,0.000000000000000000e+00,1.000000000000000000e+00,1.000000000000000000e+00,0.000000000000000000e+00,1.000000000000000000e+00,0.000000000000000000e+00,0.000000000000000000e+00,0.000000000000000000e+00,1.000000000000000000e+00,0.000000000000000000e+00,1.000000000000000000e+00,1.000000000000000000e+00,0.000000000000000000e+00,0.000000000000000000e+00,1.000000000000000000e+00,0.000000000000000000e+00,0.000000000000000000e+00,0.000000000000000000e+00,0.000000000000000000e+00,0.000000000000000000e+00,2.000000000000000000e+00,0.000000000000000000e+00,0.000000000000000000e+00,0.000000000000000000e+00,0.000000000000000000e+00,1.000000000000000000e+00,0.000000000000000000e+00,0.000000000000000000e+00,1.000000000000000000e+00,0.000000000000000000e+00,2.000000000000000000e+00,1.000000000000000000e+00,1.000000000000000000e+00,0.000000000000000000e+00,0.000000000000000000e+00,0.000000000000000000e+00,0.000000000000000000e+00,0.000000000000000000e+00,1.000000000000000000e+00,0.000000000000000000e+00,0.000000000000000000e+00,1.000000000000000000e+00,0.000000000000000000e+00,0.000000000000000000e+00,0.000000000000000000e+00,0.000000000000000000e+00,1.000000000000000000e+00,0.000000000000000000e+00,0.000000000000000000e+00,0.000000000000000000e+00,1.000000000000000000e+00,1.000000000000000000e+00,0.000000000000000000e+00,0.000000000000000000e+00,0.000000000000000000e+00,1.000000000000000000e+00,0.000000000000000000e+00,1.000000000000000000e+00,0.000000000000000000e+00,0.000000000000000000e+00,0.000000000000000000e+00,0.000000000000000000e+00,0.000000000000000000e+00,0.000000000000000000e+00,0.000000000000000000e+00,0.000000000000000000e+00,0.000000000000000000e+00,0.000000000000000000e+00,1.000000000000000000e+00,0.000000000000000000e+00,0.000000000000000000e+00,1.000000000000000000e+00,1.000000000000000000e+00,0.000000000000000000e+00,0.000000000000000000e+00,1.000000000000000000e+00,0.000000000000000000e+00,0.000000000000000000e+00,0.000000000000000000e+00,0.000000000000000000e+00,0.000000000000000000e+00,0.000000000000000000e+00,0.000000000000000000e+00,0.000000000000000000e+00,0.000000000000000000e+00,0.000000000000000000e+00,1.000000000000000000e+00,1.000000000000000000e+00,0.000000000000000000e+00,0.000000000000000000e+00,0.000000000000000000e+00,0.000000000000000000e+00,0.000000000000000000e+00,0.000000000000000000e+00,0.000000000000000000e+00,0.000000000000000000e+00,0.000000000000000000e+00,0.000000000000000000e+00,0.000000000000000000e+00,0.000000000000000000e+00,0.000000000000000000e+00,1.000000000000000000e+00,0.000000000000000000e+00,0.000000000000000000e+00,0.000000000000000000e+00,1.000000000000000000e+00,2.000000000000000000e+00,1.000000000000000000e+00,2.000000000000000000e+00,0.000000000000000000e+00,0.000000000000000000e+00,0.000000000000000000e+00,1.000000000000000000e+00,0.000000000000000000e+00,0.000000000000000000e+00,1.000000000000000000e+00,0.000000000000000000e+00,0.000000000000000000e+00,1.000000000000000000e+00,0.000000000000000000e+00,0.000000000000000000e+00,1.000000000000000000e+00,1.000000000000000000e+00,1.000000000000000000e+00,0.000000000000000000e+00,1.000000000000000000e+00,0.000000000000000000e+00,0.000000000000000000e+00,2.000000000000000000e+00,1.000000000000000000e+00,2.000000000000000000e+00,0.000000000000000000e+00,1.000000000000000000e+00,1.000000000000000000e+00,0.000000000000000000e+00,0.000000000000000000e+00,0.000000000000000000e+00,1.000000000000000000e+00,0.000000000000000000e+00,0.000000000000000000e+00,0.000000000000000000e+00,1.000000000000000000e+00,1.000000000000000000e+00,2.000000000000000000e+00,0.000000000000000000e+00,0.000000000000000000e+00,0.000000000000000000e+00,0.000000000000000000e+00,0.000000000000000000e+00,0.000000000000000000e+00,0.000000000000000000e+00,0.000000000000000000e+00,0.000000000000000000e+00,1.000000000000000000e+00,0.000000000000000000e+00,0.000000000000000000e+00,0.000000000000000000e+00,1.000000000000000000e+00,0.000000000000000000e+00,0.000000000000000000e+00,0.000000000000000000e+00,1.000000000000000000e+00,0.000000000000000000e+00,3.000000000000000000e+00,0.000000000000000000e+00,0.000000000000000000e+00,1.000000000000000000e+00,0.000000000000000000e+00,0.000000000000000000e+00,1.000000000000000000e+00,0.000000000000000000e+00,0.000000000000000000e+00,0.000000000000000000e+00,0.000000000000000000e+00,0.000000000000000000e+00,0.000000000000000000e+00,0.000000000000000000e+00,0.000000000000000000e+00,0.000000000000000000e+00,0.000000000000000000e+00,0.000000000000000000e+00,0.000000000000000000e+00,0.000000000000000000e+00,1.000000000000000000e+00,2.000000000000000000e+00,1.000000000000000000e+00,0.000000000000000000e+00,0.000000000000000000e+00,0.000000000000000000e+00,0.000000000000000000e+00,0.000000000000000000e+00,0.000000000000000000e+00,0.000000000000000000e+00,0.000000000000000000e+00,0.000000000000000000e+00,0.000000000000000000e+00,0.000000000000000000e+00,0.000000000000000000e+00,0.000000000000000000e+00,0.000000000000000000e+00,0.000000000000000000e+00,1.000000000000000000e+00,0.000000000000000000e+00,1.000000000000000000e+00,1.000000000000000000e+00,0.000000000000000000e+00,0.000000000000000000e+00,0.000000000000000000e+00,0.000000000000000000e+00,0.000000000000000000e+00,0.000000000000000000e+00,0.000000000000000000e+00,0.000000000000000000e+00,0.000000000000000000e+00,0.000000000000000000e+00,0.000000000000000000e+00,0.000000000000000000e+00,0.000000000000000000e+00,0.000000000000000000e+00,0.000000000000000000e+00,0.000000000000000000e+00,0.000000000000000000e+00,0.000000000000000000e+00,2.000000000000000000e+00,1.000000000000000000e+00,1.000000000000000000e+00,0.000000000000000000e+00,0.000000000000000000e+00,0.000000000000000000e+00,0.000000000000000000e+00,0.000000000000000000e+00,0.000000000000000000e+00,0.000000000000000000e+00,0.000000000000000000e+00,0.000000000000000000e+00,0.000000000000000000e+00,0.000000000000000000e+00,0.000000000000000000e+00,0.000000000000000000e+00,0.000000000000000000e+00,0.000000000000000000e+00,0.000000000000000000e+00,0.000000000000000000e+00,0.000000000000000000e+00,0.000000000000000000e+00,0.000000000000000000e+00,0.000000000000000000e+00,0.000000000000000000e+00,0.000000000000000000e+00,2.000000000000000000e+00,0.000000000000000000e+00,0.000000000000000000e+00,2.000000000000000000e+00,0.000000000000000000e+00,0.000000000000000000e+00,2.000000000000000000e+00,0.000000000000000000e+00,0.000000000000000000e+00,0.000000000000000000e+00,0.000000000000000000e+00,0.000000000000000000e+00,0.000000000000000000e+00,1.000000000000000000e+00,0.000000000000000000e+00,0.000000000000000000e+00,1.000000000000000000e+00,0.000000000000000000e+00,0.000000000000000000e+00,0.000000000000000000e+00,0.000000000000000000e+00,0.000000000000000000e+00,0.000000000000000000e+00,0.000000000000000000e+00,0.000000000000000000e+00,0.000000000000000000e+00,4.000000000000000000e+00,0.000000000000000000e+00,0.000000000000000000e+00,1.000000000000000000e+00,0.000000000000000000e+00,2.000000000000000000e+00,0.000000000000000000e+00,0.000000000000000000e+00,0.000000000000000000e+00,1.000000000000000000e+00,0.000000000000000000e+00,0.000000000000000000e+00,0.000000000000000000e+00,0.000000000000000000e+00,0.000000000000000000e+00,0.000000000000000000e+00,0.000000000000000000e+00,0.000000000000000000e+00,0.000000000000000000e+00,0.000000000000000000e+00,1.000000000000000000e+00,0.000000000000000000e+00,0.000000000000000000e+00,0.000000000000000000e+00,1.000000000000000000e+00,1.000000000000000000e+00,0.000000000000000000e+00,0.000000000000000000e+00,0.000000000000000000e+00,0.000000000000000000e+00,1.000000000000000000e+00,0.000000000000000000e+00,0.000000000000000000e+00,2.000000000000000000e+00,0.000000000000000000e+00,0.000000000000000000e+00,0.000000000000000000e+00,0.000000000000000000e+00,0.000000000000000000e+00,0.000000000000000000e+00,1.000000000000000000e+00,1.000000000000000000e+00,0.000000000000000000e+00,0.000000000000000000e+00,0.000000000000000000e+00,0.000000000000000000e+00,0.000000000000000000e+00,0.000000000000000000e+00,0.000000000000000000e+00,0.000000000000000000e+00,0.000000000000000000e+00,0.000000000000000000e+00,0.000000000000000000e+00,1.000000000000000000e+00,0.000000000000000000e+00,0.000000000000000000e+00,0.000000000000000000e+00,0.000000000000000000e+00,0.000000000000000000e+00,0.000000000000000000e+00,0.000000000000000000e+00,0.000000000000000000e+00,0.000000000000000000e+00,0.000000000000000000e+00,0.000000000000000000e+00,0.000000000000000000e+00,0.000000000000000000e+00,1.000000000000000000e+00,0.000000000000000000e+00,0.000000000000000000e+00,2.000000000000000000e+00,0.000000000000000000e+00,0.000000000000000000e+00,0.000000000000000000e+00,1.000000000000000000e+00,0.000000000000000000e+00,0.000000000000000000e+00,0.000000000000000000e+00,0.000000000000000000e+00,0.000000000000000000e+00,1.000000000000000000e+00,0.000000000000000000e+00,0.000000000000000000e+00,0.000000000000000000e+00,0.000000000000000000e+00,1.000000000000000000e+00,0.000000000000000000e+00,0.000000000000000000e+00,0.000000000000000000e+00,1.000000000000000000e+00,1.000000000000000000e+00,0.000000000000000000e+00,0.000000000000000000e+00,0.000000000000000000e+00,0.000000000000000000e+00,0.000000000000000000e+00,0.000000000000000000e+00,0.000000000000000000e+00,0.000000000000000000e+00,0.000000000000000000e+00,1.000000000000000000e+00,0.000000000000000000e+00,1.000000000000000000e+00,1.000000000000000000e+00,0.000000000000000000e+00,0.000000000000000000e+00,0.000000000000000000e+00,0.000000000000000000e+00,0.000000000000000000e+00,1.000000000000000000e+00,0.000000000000000000e+00,0.000000000000000000e+00,0.000000000000000000e+00,0.000000000000000000e+00,1.000000000000000000e+00,1.000000000000000000e+00,0.000000000000000000e+00,0.000000000000000000e+00,1.000000000000000000e+00,1.000000000000000000e+00,0.000000000000000000e+00,0.000000000000000000e+00,0.000000000000000000e+00,1.000000000000000000e+00,1.000000000000000000e+00,0.000000000000000000e+00,0.000000000000000000e+00,0.000000000000000000e+00,1.000000000000000000e+00,1.000000000000000000e+00,0.000000000000000000e+00,0.000000000000000000e+00,0.000000000000000000e+00,0.000000000000000000e+00,1.000000000000000000e+00,1.000000000000000000e+00,0.000000000000000000e+00,1.000000000000000000e+00,2.000000000000000000e+00,0.000000000000000000e+00,0.000000000000000000e+00,0.000000000000000000e+00,0.000000000000000000e+00,0.000000000000000000e+00,0.000000000000000000e+00,0.000000000000000000e+00,0.000000000000000000e+00,0.000000000000000000e+00,0.000000000000000000e+00,0.000000000000000000e+00,0.000000000000000000e+00,0.000000000000000000e+00,0.000000000000000000e+00,0.000000000000000000e+00,1.000000000000000000e+00,1.000000000000000000e+00,0.000000000000000000e+00,0.000000000000000000e+00,0.000000000000000000e+00,0.000000000000000000e+00,1.000000000000000000e+00,0.000000000000000000e+00,0.000000000000000000e+00,0.000000000000000000e+00,0.000000000000000000e+00,1.000000000000000000e+00,1.000000000000000000e+00,0.000000000000000000e+00,0.000000000000000000e+00,0.000000000000000000e+00,1.000000000000000000e+00,0.000000000000000000e+00,0.000000000000000000e+00,0.000000000000000000e+00,1.000000000000000000e+00,0.000000000000000000e+00,0.000000000000000000e+00,0.000000000000000000e+00,0.000000000000000000e+00,1.000000000000000000e+00,0.000000000000000000e+00,0.000000000000000000e+00,0.000000000000000000e+00,1.000000000000000000e+00,0.000000000000000000e+00,0.000000000000000000e+00,0.000000000000000000e+00,0.000000000000000000e+00,0.000000000000000000e+00,0.000000000000000000e+00,0.000000000000000000e+00,0.000000000000000000e+00,0.000000000000000000e+00,0.000000000000000000e+00,0.000000000000000000e+00,0.000000000000000000e+00,0.000000000000000000e+00,0.000000000000000000e+00,0.000000000000000000e+00,0.000000000000000000e+00,0.000000000000000000e+00,0.000000000000000000e+00,1.000000000000000000e+00,0.000000000000000000e+00,0.000000000000000000e+00,0.000000000000000000e+00,0.000000000000000000e+00,1.000000000000000000e+00,0.000000000000000000e+00,0.000000000000000000e+00,0.000000000000000000e+00,0.000000000000000000e+00,0.000000000000000000e+00,0.000000000000000000e+00,0.000000000000000000e+00,0.000000000000000000e+00,0.000000000000000000e+00,0.000000000000000000e+00,1.000000000000000000e+00,0.000000000000000000e+00,0.000000000000000000e+00,1.000000000000000000e+00,0.000000000000000000e+00,1.000000000000000000e+00,0.000000000000000000e+00,0.000000000000000000e+00,0.000000000000000000e+00,0.000000000000000000e+00,0.000000000000000000e+00,0.000000000000000000e+00,0.000000000000000000e+00,0.000000000000000000e+00,1.000000000000000000e+00,1.000000000000000000e+00,0.000000000000000000e+00,0.000000000000000000e+00,0.000000000000000000e+00,0.000000000000000000e+00,1.000000000000000000e+00,0.000000000000000000e+00,1.000000000000000000e+00,0.000000000000000000e+00,0.000000000000000000e+00,1.000000000000000000e+00,0.000000000000000000e+00,0.000000000000000000e+00,0.000000000000000000e+00,0.000000000000000000e+00,0.000000000000000000e+00,0.000000000000000000e+00,0.000000000000000000e+00,0.000000000000000000e+00,0.000000000000000000e+00,1.000000000000000000e+00,0.000000000000000000e+00,0.000000000000000000e+00,1.000000000000000000e+00,0.000000000000000000e+00,1.000000000000000000e+00,1.000000000000000000e+00,0.000000000000000000e+00,1.000000000000000000e+00,2.000000000000000000e+00,0.000000000000000000e+00,0.000000000000000000e+00,0.000000000000000000e+00,0.000000000000000000e+00,1.000000000000000000e+00,0.000000000000000000e+00,0.000000000000000000e+00,0.000000000000000000e+00,0.000000000000000000e+00,0.000000000000000000e+00,0.000000000000000000e+00,1.000000000000000000e+00,0.000000000000000000e+00,0.000000000000000000e+00,1.000000000000000000e+00,0.000000000000000000e+00,1.000000000000000000e+00,0.000000000000000000e+00,0.000000000000000000e+00,0.000000000000000000e+00,1.000000000000000000e+00,0.000000000000000000e+00,0.000000000000000000e+00,0.000000000000000000e+00,1.000000000000000000e+00,0.000000000000000000e+00,0.000000000000000000e+00,1.000000000000000000e+00,1.000000000000000000e+00,0.000000000000000000e+00,0.000000000000000000e+00,0.000000000000000000e+00,0.000000000000000000e+00,0.000000000000000000e+00,0.000000000000000000e+00,0.000000000000000000e+00,1.000000000000000000e+00,0.000000000000000000e+00,0.000000000000000000e+00,0.000000000000000000e+00,0.000000000000000000e+00,0.000000000000000000e+00,0.000000000000000000e+00,1.000000000000000000e+00,0.000000000000000000e+00,0.000000000000000000e+00,0.000000000000000000e+00,0.000000000000000000e+00,0.000000000000000000e+00,0.000000000000000000e+00,1.000000000000000000e+00,0.000000000000000000e+00,1.000000000000000000e+00,0.000000000000000000e+00,1.000000000000000000e+00,0.000000000000000000e+00,1.000000000000000000e+00,1.000000000000000000e+00,0.000000000000000000e+00,1.000000000000000000e+00,0.000000000000000000e+00,0.000000000000000000e+00,0.000000000000000000e+00,0.000000000000000000e+00,0.000000000000000000e+00,0.000000000000000000e+00,0.000000000000000000e+00,0.000000000000000000e+00,0.000000000000000000e+00,0.000000000000000000e+00,0.000000000000000000e+00,0.000000000000000000e+00,0.000000000000000000e+00,1.000000000000000000e+00,0.000000000000000000e+00,0.000000000000000000e+00,1.000000000000000000e+00,0.000000000000000000e+00,0.000000000000000000e+00,0.000000000000000000e+00,1.000000000000000000e+00,0.000000000000000000e+00,0.000000000000000000e+00,0.000000000000000000e+00,0.000000000000000000e+00,0.000000000000000000e+00,0.000000000000000000e+00,1.000000000000000000e+00,0.000000000000000000e+00,1.000000000000000000e+00,0.000000000000000000e+00,0.000000000000000000e+00,0.000000000000000000e+00,0.000000000000000000e+00,0.000000000000000000e+00,0.000000000000000000e+00,0.000000000000000000e+00,0.000000000000000000e+00,1.000000000000000000e+00,0.000000000000000000e+00,0.000000000000000000e+00,0.000000000000000000e+00,0.000000000000000000e+00,2.000000000000000000e+00,0.000000000000000000e+00,1.000000000000000000e+00,0.000000000000000000e+00,2.000000000000000000e+00,0.000000000000000000e+00,0.000000000000000000e+00,0.000000000000000000e+00,0.000000000000000000e+00,0.000000000000000000e+00,0.000000000000000000e+00,0.000000000000000000e+00,0.000000000000000000e+00,0.000000000000000000e+00,0.000000000000000000e+00,0.000000000000000000e+00,0.000000000000000000e+00,0.000000000000000000e+00,1.000000000000000000e+00,0.000000000000000000e+00,0.000000000000000000e+00,0.000000000000000000e+00,0.000000000000000000e+00,1.000000000000000000e+00,1.000000000000000000e+00,0.000000000000000000e+00,0.000000000000000000e+00,0.000000000000000000e+00,0.000000000000000000e+00,0.000000000000000000e+00,0.000000000000000000e+00,0.000000000000000000e+00,0.000000000000000000e+00,0.000000000000000000e+00,1.000000000000000000e+00,0.000000000000000000e+00,1.000000000000000000e+00,0.000000000000000000e+00,1.000000000000000000e+00,0.000000000000000000e+00,0.000000000000000000e+00,0.000000000000000000e+00,0.000000000000000000e+00,0.000000000000000000e+00,0.000000000000000000e+00,0.000000000000000000e+00,0.000000000000000000e+00,0.000000000000000000e+00,0.000000000000000000e+00,0.000000000000000000e+00,0.000000000000000000e+00,0.000000000000000000e+00,0.000000000000000000e+00,0.000000000000000000e+00,0.000000000000000000e+00,0.000000000000000000e+00,1.000000000000000000e+00,0.000000000000000000e+00,0.000000000000000000e+00,2.000000000000000000e+00,0.000000000000000000e+00,0.000000000000000000e+00,0.000000000000000000e+00,0.000000000000000000e+00,0.000000000000000000e+00,0.000000000000000000e+00,0.000000000000000000e+00,0.000000000000000000e+00,0.000000000000000000e+00,2.000000000000000000e+00,0.000000000000000000e+00,1.000000000000000000e+00,0.000000000000000000e+00,0.000000000000000000e+00,1.000000000000000000e+00,0.000000000000000000e+00,0.000000000000000000e+00,0.000000000000000000e+00,0.000000000000000000e+00,0.000000000000000000e+00,0.000000000000000000e+00,0.000000000000000000e+00,2.000000000000000000e+00,0.000000000000000000e+00,0.000000000000000000e+00,0.000000000000000000e+00,0.000000000000000000e+00,0.000000000000000000e+00,1.000000000000000000e+00,0.000000000000000000e+00,0.000000000000000000e+00,0.000000000000000000e+00,0.000000000000000000e+00,0.000000000000000000e+00,0.000000000000000000e+00,1.000000000000000000e+00,0.000000000000000000e+00,0.000000000000000000e+00,1.000000000000000000e+00,0.000000000000000000e+00,0.000000000000000000e+00,0.000000000000000000e+00,0.000000000000000000e+00,1.000000000000000000e+00,0.000000000000000000e+00,0.000000000000000000e+00,0.000000000000000000e+00,0.000000000000000000e+00,0.000000000000000000e+00,0.000000000000000000e+00,0.000000000000000000e+00,2.000000000000000000e+00,1.000000000000000000e+00,0.000000000000000000e+00,0.000000000000000000e+00,0.000000000000000000e+00,0.000000000000000000e+00,0.000000000000000000e+00,0.000000000000000000e+00,0.000000000000000000e+00,0.000000000000000000e+00,0.000000000000000000e+00,0.000000000000000000e+00,0.000000000000000000e+00,0.000000000000000000e+00,1.000000000000000000e+00,0.000000000000000000e+00,0.000000000000000000e+00,0.000000000000000000e+00,0.000000000000000000e+00,0.000000000000000000e+00,0.000000000000000000e+00,1.000000000000000000e+00,0.000000000000000000e+00,0.000000000000000000e+00,0.000000000000000000e+00,0.000000000000000000e+00,0.000000000000000000e+00,0.000000000000000000e+00,0.000000000000000000e+00,0.000000000000000000e+00,1.000000000000000000e+00,0.000000000000000000e+00,0.000000000000000000e+00,0.000000000000000000e+00,0.000000000000000000e+00,0.000000000000000000e+00,0.000000000000000000e+00,0.000000000000000000e+00,0.000000000000000000e+00,0.000000000000000000e+00,1.000000000000000000e+00,0.000000000000000000e+00,0.000000000000000000e+00,1.000000000000000000e+00,0.000000000000000000e+00,0.000000000000000000e+00,0.000000000000000000e+00,0.000000000000000000e+00,0.000000000000000000e+00,1.000000000000000000e+00,1.000000000000000000e+00,0.000000000000000000e+00,0.000000000000000000e+00,0.000000000000000000e+00,0.000000000000000000e+00,0.000000000000000000e+00,0.000000000000000000e+00,0.000000000000000000e+00,0.000000000000000000e+00,0.000000000000000000e+00,0.000000000000000000e+00,0.000000000000000000e+00,0.000000000000000000e+00,0.000000000000000000e+00,0.000000000000000000e+00,0.000000000000000000e+00,0.000000000000000000e+00,0.000000000000000000e+00,0.000000000000000000e+00,0.000000000000000000e+00,0.000000000000000000e+00,0.000000000000000000e+00,0.000000000000000000e+00,1.000000000000000000e+00,0.000000000000000000e+00,0.000000000000000000e+00,2.000000000000000000e+00,0.000000000000000000e+00,0.000000000000000000e+00,0.000000000000000000e+00,0.000000000000000000e+00,0.000000000000000000e+00,1.000000000000000000e+00,0.000000000000000000e+00,0.000000000000000000e+00,0.000000000000000000e+00,0.000000000000000000e+00,0.000000000000000000e+00,0.000000000000000000e+00,0.000000000000000000e+00,0.000000000000000000e+00,0.000000000000000000e+00,0.000000000000000000e+00,0.000000000000000000e+00,0.000000000000000000e+00,0.000000000000000000e+00,0.000000000000000000e+00,0.000000000000000000e+00,0.000000000000000000e+00,0.000000000000000000e+00,0.000000000000000000e+00,2.000000000000000000e+00,0.000000000000000000e+00,0.000000000000000000e+00,0.000000000000000000e+00,0.000000000000000000e+00,0.000000000000000000e+00,0.000000000000000000e+00,0.000000000000000000e+00,0.000000000000000000e+00,0.000000000000000000e+00,0.000000000000000000e+00,0.000000000000000000e+00,0.000000000000000000e+00,0.000000000000000000e+00,0.000000000000000000e+00,0.000000000000000000e+00,0.000000000000000000e+00,0.000000000000000000e+00,0.000000000000000000e+00,0.000000000000000000e+00,0.000000000000000000e+00,0.000000000000000000e+00,0.000000000000000000e+00,2.000000000000000000e+00,0.000000000000000000e+00,0.000000000000000000e+00,0.000000000000000000e+00,0.000000000000000000e+00,0.000000000000000000e+00,0.000000000000000000e+00,0.000000000000000000e+00,0.000000000000000000e+00,0.000000000000000000e+00,0.000000000000000000e+00,0.000000000000000000e+00,0.000000000000000000e+00,0.000000000000000000e+00,0.000000000000000000e+00,0.000000000000000000e+00,0.000000000000000000e+00,0.000000000000000000e+00,1.000000000000000000e+00,1.000000000000000000e+00,2.000000000000000000e+00,0.000000000000000000e+00,0.000000000000000000e+00,1.000000000000000000e+00,0.000000000000000000e+00,0.000000000000000000e+00,0.000000000000000000e+00,0.000000000000000000e+00,1.000000000000000000e+00,1.000000000000000000e+00,0.000000000000000000e+00,0.000000000000000000e+00,0.000000000000000000e+00,0.000000000000000000e+00,0.000000000000000000e+00,0.000000000000000000e+00,0.000000000000000000e+00,0.000000000000000000e+00,0.000000000000000000e+00,0.000000000000000000e+00,0.000000000000000000e+00,0.000000000000000000e+00,0.000000000000000000e+00,0.000000000000000000e+00,0.000000000000000000e+00,0.000000000000000000e+00,0.000000000000000000e+00,0.000000000000000000e+00,0.000000000000000000e+00,0.000000000000000000e+00,0.000000000000000000e+00,0.000000000000000000e+00,0.000000000000000000e+00,0.000000000000000000e+00,1.000000000000000000e+00,0.000000000000000000e+00,0.000000000000000000e+00,0.000000000000000000e+00,0.000000000000000000e+00,0.000000000000000000e+00,0.000000000000000000e+00,0.000000000000000000e+00,0.000000000000000000e+00,0.000000000000000000e+00,0.000000000000000000e+00,0.000000000000000000e+00,0.000000000000000000e+00,0.000000000000000000e+00,0.000000000000000000e+00,0.000000000000000000e+00,0.000000000000000000e+00,1.000000000000000000e+00,0.000000000000000000e+00,0.000000000000000000e+00,0.000000000000000000e+00,0.000000000000000000e+00,1.000000000000000000e+00,0.000000000000000000e+00,0.000000000000000000e+00,1.000000000000000000e+00,0.000000000000000000e+00,0.000000000000000000e+00,0.000000000000000000e+00,0.000000000000000000e+00,1.000000000000000000e+00,0.000000000000000000e+00,0.000000000000000000e+00,0.000000000000000000e+00,0.000000000000000000e+00,1.000000000000000000e+00,0.000000000000000000e+00,0.000000000000000000e+00,0.000000000000000000e+00,0.000000000000000000e+00,0.000000000000000000e+00,0.000000000000000000e+00,0.000000000000000000e+00,0.000000000000000000e+00,0.000000000000000000e+00,0.000000000000000000e+00,0.000000000000000000e+00,0.000000000000000000e+00,0.000000000000000000e+00,0.000000000000000000e+00,0.000000000000000000e+00,0.000000000000000000e+00,0.000000000000000000e+00,0.000000000000000000e+00,0.000000000000000000e+00,0.000000000000000000e+00,2.000000000000000000e+00,0.000000000000000000e+00,0.000000000000000000e+00,0.000000000000000000e+00,0.000000000000000000e+00,0.000000000000000000e+00,0.000000000000000000e+00,1.000000000000000000e+00,0.000000000000000000e+00,0.000000000000000000e+00,0.000000000000000000e+00,0.000000000000000000e+00,0.000000000000000000e+00,0.000000000000000000e+00,0.000000000000000000e+00,1.000000000000000000e+00,0.000000000000000000e+00,0.000000000000000000e+00,0.000000000000000000e+00,0.000000000000000000e+00,0.000000000000000000e+00,1.000000000000000000e+00,0.000000000000000000e+00,0.000000000000000000e+00,0.000000000000000000e+00,0.000000000000000000e+00,0.000000000000000000e+00,0.000000000000000000e+00,0.000000000000000000e+00,0.000000000000000000e+00,0.000000000000000000e+00,0.000000000000000000e+00,0.000000000000000000e+00,0.000000000000000000e+00,0.000000000000000000e+00,1.000000000000000000e+00,0.000000000000000000e+00,0.000000000000000000e+00,0.000000000000000000e+00,1.000000000000000000e+00,0.000000000000000000e+00,1.000000000000000000e+00,0.000000000000000000e+00,1.000000000000000000e+00,0.000000000000000000e+00,0.000000000000000000e+00,0.000000000000000000e+00,0.000000000000000000e+00,0.000000000000000000e+00,0.000000000000000000e+00,0.000000000000000000e+00,0.000000000000000000e+00,0.000000000000000000e+00,0.000000000000000000e+00,1.000000000000000000e+00,0.000000000000000000e+00,1.000000000000000000e+00,0.000000000000000000e+00,1.000000000000000000e+00,0.000000000000000000e+00,0.000000000000000000e+00,0.000000000000000000e+00,0.000000000000000000e+00,0.000000000000000000e+00,0.000000000000000000e+00,0.000000000000000000e+00,0.000000000000000000e+00,0.000000000000000000e+00,0.000000000000000000e+00,0.000000000000000000e+00,0.000000000000000000e+00,0.000000000000000000e+00,0.000000000000000000e+00,0.000000000000000000e+00,0.000000000000000000e+00,0.000000000000000000e+00,0.000000000000000000e+00,0.000000000000000000e+00,0.000000000000000000e+00,0.000000000000000000e+00,0.000000000000000000e+00,1.000000000000000000e+00,0.000000000000000000e+00,0.000000000000000000e+00,0.000000000000000000e+00,0.000000000000000000e+00,0.000000000000000000e+00,0.000000000000000000e+00,0.000000000000000000e+00,0.000000000000000000e+00,0.000000000000000000e+00,0.000000000000000000e+00,0.000000000000000000e+00,0.000000000000000000e+00,0.000000000000000000e+00,0.000000000000000000e+00,0.000000000000000000e+00,1.000000000000000000e+00,0.000000000000000000e+00,0.000000000000000000e+00,0.000000000000000000e+00,0.000000000000000000e+00,0.000000000000000000e+00,0.000000000000000000e+00,1.000000000000000000e+00,1.000000000000000000e+00,0.000000000000000000e+00,0.000000000000000000e+00,0.000000000000000000e+00,0.000000000000000000e+00,0.000000000000000000e+00,0.000000000000000000e+00,0.000000000000000000e+00,0.000000000000000000e+00,0.000000000000000000e+00,0.000000000000000000e+00,0.000000000000000000e+00,0.000000000000000000e+00,0.000000000000000000e+00,0.000000000000000000e+00,0.000000000000000000e+00,0.000000000000000000e+00,0.000000000000000000e+00,0.000000000000000000e+00,0.000000000000000000e+00,0.000000000000000000e+00,0.000000000000000000e+00,0.000000000000000000e+00,0.000000000000000000e+00,0.000000000000000000e+00,0.000000000000000000e+00,0.000000000000000000e+00,0.000000000000000000e+00,0.000000000000000000e+00,1.000000000000000000e+00,0.000000000000000000e+00,0.000000000000000000e+00,1.000000000000000000e+00,0.000000000000000000e+00,0.000000000000000000e+00,0.000000000000000000e+00,0.000000000000000000e+00,0.000000000000000000e+00,0.000000000000000000e+00,0.000000000000000000e+00,0.000000000000000000e+00,0.000000000000000000e+00,1.000000000000000000e+00,0.000000000000000000e+00,0.000000000000000000e+00,0.000000000000000000e+00,0.000000000000000000e+00,0.000000000000000000e+00,0.000000000000000000e+00,0.000000000000000000e+00,0.000000000000000000e+00,0.000000000000000000e+00,0.000000000000000000e+00,0.000000000000000000e+00,0.000000000000000000e+00,0.000000000000000000e+00,0.000000000000000000e+00,0.000000000000000000e+00,0.000000000000000000e+00,0.000000000000000000e+00,0.000000000000000000e+00,0.000000000000000000e+00,0.000000000000000000e+00,0.000000000000000000e+00,0.000000000000000000e+00,0.000000000000000000e+00,0.000000000000000000e+00,0.000000000000000000e+00,1.000000000000000000e+00,0.000000000000000000e+00,0.000000000000000000e+00,1.000000000000000000e+00,0.000000000000000000e+00,0.000000000000000000e+00,0.000000000000000000e+00,0.000000000000000000e+00,0.000000000000000000e+00,0.000000000000000000e+00,0.000000000000000000e+00,0.000000000000000000e+00,0.000000000000000000e+00,0.000000000000000000e+00,0.000000000000000000e+00,0.000000000000000000e+00,0.000000000000000000e+00,0.000000000000000000e+00,0.000000000000000000e+00,0.000000000000000000e+00,0.000000000000000000e+00,0.000000000000000000e+00,0.000000000000000000e+00,0.000000000000000000e+00,0.000000000000000000e+00,0.000000000000000000e+00,0.000000000000000000e+00,1.000000000000000000e+00,0.000000000000000000e+00,0.000000000000000000e+00,0.000000000000000000e+00,0.000000000000000000e+00,0.000000000000000000e+00,0.000000000000000000e+00,0.000000000000000000e+00,0.000000000000000000e+00,0.000000000000000000e+00,0.000000000000000000e+00,0.000000000000000000e+00,0.000000000000000000e+00,0.000000000000000000e+00,0.000000000000000000e+00,0.000000000000000000e+00,0.000000000000000000e+00,0.000000000000000000e+00,0.000000000000000000e+00,0.000000000000000000e+00,0.000000000000000000e+00,0.000000000000000000e+00,0.000000000000000000e+00,0.000000000000000000e+00,0.000000000000000000e+00,0.000000000000000000e+00,1.000000000000000000e+00,0.000000000000000000e+00,0.000000000000000000e+00,0.000000000000000000e+00,0.000000000000000000e+00,1.000000000000000000e+00,0.000000000000000000e+00,1.000000000000000000e+00,0.000000000000000000e+00,1.000000000000000000e+00,1.000000000000000000e+00,0.000000000000000000e+00,0.000000000000000000e+00,0.000000000000000000e+00,0.000000000000000000e+00,0.000000000000000000e+00,0.000000000000000000e+00,0.000000000000000000e+00,0.000000000000000000e+00,0.000000000000000000e+00,0.000000000000000000e+00,0.000000000000000000e+00,0.000000000000000000e+00,1.000000000000000000e+00,1.000000000000000000e+00,0.000000000000000000e+00,0.000000000000000000e+00,1.000000000000000000e+00,0.000000000000000000e+00,0.000000000000000000e+00,0.000000000000000000e+00,1.000000000000000000e+00,1.000000000000000000e+00,0.000000000000000000e+00,0.000000000000000000e+00,0.000000000000000000e+00,0.000000000000000000e+00,1.000000000000000000e+00,1.000000000000000000e+00,0.000000000000000000e+00,0.000000000000000000e+00,0.000000000000000000e+00,0.000000000000000000e+00,0.000000000000000000e+00,0.000000000000000000e+00,0.000000000000000000e+00,0.000000000000000000e+00,0.000000000000000000e+00,0.000000000000000000e+00,0.000000000000000000e+00,0.000000000000000000e+00,0.000000000000000000e+00,1.000000000000000000e+00,1.000000000000000000e+00,0.000000000000000000e+00,0.000000000000000000e+00,0.000000000000000000e+00,0.000000000000000000e+00,0.000000000000000000e+00,0.000000000000000000e+00,0.000000000000000000e+00,0.000000000000000000e+00,0.000000000000000000e+00,0.000000000000000000e+00,0.000000000000000000e+00,0.000000000000000000e+00,0.000000000000000000e+00,0.000000000000000000e+00,0.000000000000000000e+00,0.000000000000000000e+00,0.000000000000000000e+00,0.000000000000000000e+00,1.000000000000000000e+00,0.000000000000000000e+00,0.000000000000000000e+00,0.000000000000000000e+00,0.000000000000000000e+00,0.000000000000000000e+00,0.000000000000000000e+00,0.000000000000000000e+00,0.000000000000000000e+00,0.000000000000000000e+00,1.000000000000000000e+00,0.000000000000000000e+00,0.000000000000000000e+00,0.000000000000000000e+00,0.000000000000000000e+00,0.000000000000000000e+00,0.000000000000000000e+00,0.000000000000000000e+00,0.000000000000000000e+00,0.000000000000000000e+00,0.000000000000000000e+00,0.000000000000000000e+00,0.000000000000000000e+00,0.000000000000000000e+00,0.000000000000000000e+00,1.000000000000000000e+00,0.000000000000000000e+00,0.000000000000000000e+00,0.000000000000000000e+00,0.000000000000000000e+00,0.000000000000000000e+00,0.000000000000000000e+00,0.000000000000000000e+00,1.000000000000000000e+00,0.000000000000000000e+00,0.000000000000000000e+00,1.000000000000000000e+00,0.000000000000000000e+00,0.000000000000000000e+00,0.000000000000000000e+00,0.000000000000000000e+00,0.000000000000000000e+00,0.000000000000000000e+00,0.000000000000000000e+00,0.000000000000000000e+00,0.000000000000000000e+00,0.000000000000000000e+00,0.000000000000000000e+00,1.000000000000000000e+00,0.000000000000000000e+00,0.000000000000000000e+00,0.000000000000000000e+00,0.000000000000000000e+00,1.000000000000000000e+00,0.000000000000000000e+00,1.000000000000000000e+00,0.000000000000000000e+00,0.000000000000000000e+00,0.000000000000000000e+00,0.000000000000000000e+00,0.000000000000000000e+00,0.000000000000000000e+00,0.000000000000000000e+00,1.000000000000000000e+00,0.000000000000000000e+00,0.000000000000000000e+00,0.000000000000000000e+00,0.000000000000000000e+00,0.000000000000000000e+00,0.000000000000000000e+00,0.000000000000000000e+00,0.000000000000000000e+00,0.000000000000000000e+00,0.000000000000000000e+00,0.000000000000000000e+00,0.000000000000000000e+00,0.000000000000000000e+00,0.000000000000000000e+00,0.000000000000000000e+00,0.000000000000000000e+00,0.000000000000000000e+00,0.000000000000000000e+00,1.000000000000000000e+00,0.000000000000000000e+00,0.000000000000000000e+00,0.000000000000000000e+00,0.000000000000000000e+00,0.000000000000000000e+00,0.000000000000000000e+00,0.000000000000000000e+00,0.000000000000000000e+00,0.000000000000000000e+00,0.000000000000000000e+00,0.000000000000000000e+00,1.000000000000000000e+00,0.000000000000000000e+00,0.000000000000000000e+00,1.000000000000000000e+00,0.000000000000000000e+00,0.000000000000000000e+00,0.000000000000000000e+00,0.000000000000000000e+00,1.000000000000000000e+00,1.000000000000000000e+00,0.000000000000000000e+00,0.000000000000000000e+00,0.000000000000000000e+00,0.000000000000000000e+00,0.000000000000000000e+00,0.000000000000000000e+00,0.000000000000000000e+00,0.000000000000000000e+00,0.000000000000000000e+00,0.000000000000000000e+00,0.000000000000000000e+00,0.000000000000000000e+00,0.000000000000000000e+00,0.000000000000000000e+00,0.000000000000000000e+00,0.000000000000000000e+00,0.000000000000000000e+00,0.000000000000000000e+00,0.000000000000000000e+00,0.000000000000000000e+00,0.000000000000000000e+00,0.000000000000000000e+00,0.000000000000000000e+00,0.000000000000000000e+00,0.000000000000000000e+00,0.000000000000000000e+00,0.000000000000000000e+00,0.000000000000000000e+00,0.000000000000000000e+00,0.000000000000000000e+00,0.000000000000000000e+00,0.000000000000000000e+00,0.000000000000000000e+00,0.000000000000000000e+00,1.000000000000000000e+00,0.000000000000000000e+00,0.000000000000000000e+00,0.000000000000000000e+00,0.000000000000000000e+00,0.000000000000000000e+00,0.000000000000000000e+00,0.000000000000000000e+00,0.000000000000000000e+00,0.000000000000000000e+00,0.000000000000000000e+00,0.000000000000000000e+00,0.000000000000000000e+00,0.000000000000000000e+00,0.000000000000000000e+00,0.000000000000000000e+00,0.000000000000000000e+00,0.000000000000000000e+00,0.000000000000000000e+00,1.000000000000000000e+00,0.000000000000000000e+00,0.000000000000000000e+00,0.000000000000000000e+00,0.000000000000000000e+00,0.000000000000000000e+00,0.000000000000000000e+00,0.000000000000000000e+00,0.000000000000000000e+00,0.000000000000000000e+00,0.000000000000000000e+00,0.000000000000000000e+00,0.000000000000000000e+00,0.000000000000000000e+00,0.000000000000000000e+00,0.000000000000000000e+00,0.000000000000000000e+00,0.000000000000000000e+00,0.000000000000000000e+00,0.000000000000000000e+00,0.000000000000000000e+00,0.000000000000000000e+00,0.000000000000000000e+00,0.000000000000000000e+00,1.000000000000000000e+00,0.000000000000000000e+00,0.000000000000000000e+00,0.000000000000000000e+00,0.000000000000000000e+00,0.000000000000000000e+00,0.000000000000000000e+00,0.000000000000000000e+00,0.000000000000000000e+00,0.000000000000000000e+00,0.000000000000000000e+00,0.000000000000000000e+00,0.000000000000000000e+00,0.000000000000000000e+00,0.000000000000000000e+00,0.000000000000000000e+00,0.000000000000000000e+00,0.000000000000000000e+00,0.000000000000000000e+00,0.000000000000000000e+00,0.000000000000000000e+00,0.000000000000000000e+00,0.000000000000000000e+00,0.000000000000000000e+00,0.000000000000000000e+00,0.000000000000000000e+00,1.000000000000000000e+00,0.000000000000000000e+00,0.000000000000000000e+00,0.000000000000000000e+00,0.000000000000000000e+00,0.000000000000000000e+00,0.000000000000000000e+00,0.000000000000000000e+00,0.000000000000000000e+00,0.000000000000000000e+00,0.000000000000000000e+00,0.000000000000000000e+00,0.000000000000000000e+00,0.000000000000000000e+00,0.000000000000000000e+00,0.000000000000000000e+00,0.000000000000000000e+00,0.000000000000000000e+00,0.000000000000000000e+00,0.000000000000000000e+00,0.000000000000000000e+00,0.000000000000000000e+00,0.000000000000000000e+00,0.000000000000000000e+00,0.000000000000000000e+00,0.000000000000000000e+00,0.000000000000000000e+00,0.000000000000000000e+00,0.000000000000000000e+00,0.000000000000000000e+00,0.000000000000000000e+00,0.000000000000000000e+00,0.000000000000000000e+00,0.000000000000000000e+00,0.000000000000000000e+00,0.000000000000000000e+00,0.000000000000000000e+00,0.000000000000000000e+00,0.000000000000000000e+00,0.000000000000000000e+00,0.000000000000000000e+00,0.000000000000000000e+00,0.000000000000000000e+00,0.000000000000000000e+00,0.000000000000000000e+00,0.000000000000000000e+00,0.000000000000000000e+00,0.000000000000000000e+00,0.000000000000000000e+00,0.000000000000000000e+00,0.000000000000000000e+00,0.000000000000000000e+00,0.000000000000000000e+00,0.000000000000000000e+00,0.000000000000000000e+00,1.000000000000000000e+00,0.000000000000000000e+00,0.000000000000000000e+00,0.000000000000000000e+00,0.000000000000000000e+00,0.000000000000000000e+00,0.000000000000000000e+00,0.000000000000000000e+00,0.000000000000000000e+00,0.000000000000000000e+00,0.000000000000000000e+00,1.000000000000000000e+00,0.000000000000000000e+00,0.000000000000000000e+00,0.000000000000000000e+00,0.000000000000000000e+00,0.000000000000000000e+00,0.000000000000000000e+00,0.000000000000000000e+00,0.000000000000000000e+00,0.000000000000000000e+00,0.000000000000000000e+00,0.000000000000000000e+00,0.000000000000000000e+00,0.000000000000000000e+00,0.000000000000000000e+00,0.000000000000000000e+00,0.000000000000000000e+00,0.000000000000000000e+00,0.000000000000000000e+00,0.000000000000000000e+00,0.000000000000000000e+00,0.000000000000000000e+00,1.000000000000000000e+00,0.000000000000000000e+00,0.000000000000000000e+00,0.000000000000000000e+00,0.000000000000000000e+00,0.000000000000000000e+00,0.000000000000000000e+00,0.000000000000000000e+00,0.000000000000000000e+00,0.000000000000000000e+00,0.000000000000000000e+00,0.000000000000000000e+00,0.000000000000000000e+00,0.000000000000000000e+00,0.000000000000000000e+00,0.000000000000000000e+00,0.000000000000000000e+00,0.000000000000000000e+00,0.000000000000000000e+00,0.000000000000000000e+00,0.000000000000000000e+00,0.000000000000000000e+00,0.000000000000000000e+00,1.000000000000000000e+00,0.000000000000000000e+00,0.000000000000000000e+00,0.000000000000000000e+00,0.000000000000000000e+00,0.000000000000000000e+00,0.000000000000000000e+00,0.000000000000000000e+00,0.000000000000000000e+00,0.000000000000000000e+00,0.000000000000000000e+00,0.000000000000000000e+00,0.000000000000000000e+00,0.000000000000000000e+00,0.000000000000000000e+00,0.000000000000000000e+00,0.000000000000000000e+00,0.000000000000000000e+00,0.000000000000000000e+00,0.000000000000000000e+00,0.000000000000000000e+00,0.000000000000000000e+00,0.000000000000000000e+00,0.000000000000000000e+00,0.000000000000000000e+00,2.000000000000000000e+00,0.000000000000000000e+00,0.000000000000000000e+00,0.000000000000000000e+00,0.000000000000000000e+00,0.000000000000000000e+00,0.000000000000000000e+00,0.000000000000000000e+00,0.000000000000000000e+00,0.000000000000000000e+00,0.000000000000000000e+00,1.000000000000000000e+00,0.000000000000000000e+00,0.000000000000000000e+00,0.000000000000000000e+00,0.000000000000000000e+00,0.000000000000000000e+00,0.000000000000000000e+00,0.000000000000000000e+00,0.000000000000000000e+00,0.000000000000000000e+00,0.000000000000000000e+00,0.000000000000000000e+00,0.000000000000000000e+00,0.000000000000000000e+00,0.000000000000000000e+00,0.000000000000000000e+00,0.000000000000000000e+00,0.000000000000000000e+00,0.000000000000000000e+00,0.000000000000000000e+00,0.000000000000000000e+00,0.000000000000000000e+00,0.000000000000000000e+00,0.000000000000000000e+00,1.000000000000000000e+00,0.000000000000000000e+00,0.000000000000000000e+00,0.000000000000000000e+00,0.000000000000000000e+00,0.000000000000000000e+00,0.000000000000000000e+00,0.000000000000000000e+00,0.000000000000000000e+00,0.000000000000000000e+00,0.000000000000000000e+00,0.000000000000000000e+00,0.000000000000000000e+00,0.000000000000000000e+00,0.000000000000000000e+00,0.000000000000000000e+00,0.000000000000000000e+00,0.000000000000000000e+00,0.000000000000000000e+00,0.000000000000000000e+00,0.000000000000000000e+00,0.000000000000000000e+00,0.000000000000000000e+00,0.000000000000000000e+00,0.000000000000000000e+00,0.000000000000000000e+00,0.000000000000000000e+00,0.000000000000000000e+00,0.000000000000000000e+00,0.000000000000000000e+00,0.000000000000000000e+00,0.000000000000000000e+00,0.000000000000000000e+00,0.000000000000000000e+00,0.000000000000000000e+00,0.000000000000000000e+00,0.000000000000000000e+00,0.000000000000000000e+00,0.000000000000000000e+00,0.000000000000000000e+00,0.000000000000000000e+00,0.000000000000000000e+00,0.000000000000000000e+00,0.000000000000000000e+00,0.000000000000000000e+00,0.000000000000000000e+00,0.000000000000000000e+00,0.000000000000000000e+00,0.000000000000000000e+00,0.000000000000000000e+00,0.000000000000000000e+00,0.000000000000000000e+00,0.000000000000000000e+00,0.000000000000000000e+00,0.000000000000000000e+00,0.000000000000000000e+00,0.000000000000000000e+00,0.000000000000000000e+00,0.000000000000000000e+00,1.000000000000000000e+00,0.000000000000000000e+00,0.000000000000000000e+00,1.000000000000000000e+00,0.000000000000000000e+00,0.000000000000000000e+00,0.000000000000000000e+00,0.000000000000000000e+00,1.000000000000000000e+00,0.000000000000000000e+00,0.000000000000000000e+00,0.000000000000000000e+00,0.000000000000000000e+00,0.000000000000000000e+00,0.000000000000000000e+00,0.000000000000000000e+00,0.000000000000000000e+00,0.000000000000000000e+00,0.000000000000000000e+00,0.000000000000000000e+00,1.000000000000000000e+00,1.000000000000000000e+00,0.000000000000000000e+00,0.000000000000000000e+00,0.000000000000000000e+00,0.000000000000000000e+00,0.000000000000000000e+00,0.000000000000000000e+00,0.000000000000000000e+00,0.000000000000000000e+00,0.000000000000000000e+00,0.000000000000000000e+00,0.000000000000000000e+00,0.000000000000000000e+00,0.000000000000000000e+00,0.000000000000000000e+00,0.000000000000000000e+00,0.000000000000000000e+00,0.000000000000000000e+00,0.000000000000000000e+00,0.000000000000000000e+00,0.000000000000000000e+00,0.000000000000000000e+00,0.000000000000000000e+00,0.000000000000000000e+00,0.000000000000000000e+00,0.000000000000000000e+00,1.000000000000000000e+00,0.000000000000000000e+00,0.000000000000000000e+00,0.000000000000000000e+00,0.000000000000000000e+00,0.000000000000000000e+00,0.000000000000000000e+00,1.000000000000000000e+00,0.000000000000000000e+00,0.000000000000000000e+00,0.000000000000000000e+00,0.000000000000000000e+00,0.000000000000000000e+00,0.000000000000000000e+00,0.000000000000000000e+00,0.000000000000000000e+00,0.000000000000000000e+00,0.000000000000000000e+00,0.000000000000000000e+00,0.000000000000000000e+00,0.000000000000000000e+00,0.000000000000000000e+00,0.000000000000000000e+00,0.000000000000000000e+00,0.000000000000000000e+00,0.000000000000000000e+00,0.000000000000000000e+00,0.000000000000000000e+00,0.000000000000000000e+00,0.000000000000000000e+00,0.000000000000000000e+00,0.000000000000000000e+00,0.000000000000000000e+00,0.000000000000000000e+00,0.000000000000000000e+00,0.000000000000000000e+00,1.000000000000000000e+00,0.000000000000000000e+00,0.000000000000000000e+00,0.000000000000000000e+00,0.000000000000000000e+00,0.000000000000000000e+00,0.000000000000000000e+00,0.000000000000000000e+00,0.000000000000000000e+00,0.000000000000000000e+00,0.000000000000000000e+00,0.000000000000000000e+00,0.000000000000000000e+00,0.000000000000000000e+00,0.000000000000000000e+00,0.000000000000000000e+00,0.000000000000000000e+00,0.000000000000000000e+00,0.000000000000000000e+00,0.000000000000000000e+00,0.000000000000000000e+00,0.000000000000000000e+00,0.000000000000000000e+00,0.000000000000000000e+00,0.000000000000000000e+00,0.000000000000000000e+00,0.000000000000000000e+00,0.000000000000000000e+00,0.000000000000000000e+00,0.000000000000000000e+00,0.000000000000000000e+00,0.000000000000000000e+00,0.000000000000000000e+00,0.000000000000000000e+00,0.000000000000000000e+00,0.000000000000000000e+00,0.000000000000000000e+00,0.000000000000000000e+00,0.000000000000000000e+00,0.000000000000000000e+00,0.000000000000000000e+00,0.000000000000000000e+00,0.000000000000000000e+00,0.000000000000000000e+00,0.000000000000000000e+00,0.000000000000000000e+00,0.000000000000000000e+00,0.000000000000000000e+00,0.000000000000000000e+00,0.000000000000000000e+00,0.000000000000000000e+00,0.000000000000000000e+00,0.000000000000000000e+00,1.000000000000000000e+00,0.000000000000000000e+00,0.000000000000000000e+00,0.000000000000000000e+00,0.000000000000000000e+00,0.000000000000000000e+00,0.000000000000000000e+00,0.000000000000000000e+00,0.000000000000000000e+00,0.000000000000000000e+00,0.000000000000000000e+00,0.000000000000000000e+00,0.000000000000000000e+00,0.000000000000000000e+00,0.000000000000000000e+00,0.000000000000000000e+00,0.000000000000000000e+00,0.000000000000000000e+00,0.000000000000000000e+00,0.000000000000000000e+00,0.000000000000000000e+00,0.000000000000000000e+00,0.000000000000000000e+00,0.000000000000000000e+00,0.000000000000000000e+00,0.000000000000000000e+00,0.000000000000000000e+00,0.000000000000000000e+00,0.000000000000000000e+00,0.000000000000000000e+00,0.000000000000000000e+00,0.000000000000000000e+00,0.000000000000000000e+00,0.000000000000000000e+00,0.000000000000000000e+00,0.000000000000000000e+00,0.000000000000000000e+00,0.000000000000000000e+00,0.000000000000000000e+00,0.000000000000000000e+00,0.000000000000000000e+00,0.000000000000000000e+00,0.000000000000000000e+00,0.000000000000000000e+00,0.000000000000000000e+00,0.000000000000000000e+00,0.000000000000000000e+00,0.000000000000000000e+00,0.000000000000000000e+00,0.000000000000000000e+00,0.000000000000000000e+00,0.000000000000000000e+00,0.000000000000000000e+00,0.000000000000000000e+00,0.000000000000000000e+00,0.000000000000000000e+00,1.000000000000000000e+00,0.000000000000000000e+00,0.000000000000000000e+00,0.000000000000000000e+00,0.000000000000000000e+00,0.000000000000000000e+00,0.000000000000000000e+00,0.000000000000000000e+00,0.000000000000000000e+00,0.000000000000000000e+00,0.000000000000000000e+00,0.000000000000000000e+00,0.000000000000000000e+00,0.000000000000000000e+00,0.000000000000000000e+00,0.000000000000000000e+00,0.000000000000000000e+00,0.000000000000000000e+00,0.000000000000000000e+00,0.000000000000000000e+00,0.000000000000000000e+00,0.000000000000000000e+00,1.000000000000000000e+00,0.000000000000000000e+00,0.000000000000000000e+00,0.000000000000000000e+00,0.000000000000000000e+00,0.000000000000000000e+00,0.000000000000000000e+00,0.000000000000000000e+00,0.000000000000000000e+00,0.000000000000000000e+00,0.000000000000000000e+00,0.000000000000000000e+00,0.000000000000000000e+00,0.000000000000000000e+00,0.000000000000000000e+00,0.000000000000000000e+00,0.000000000000000000e+00,0.000000000000000000e+00,0.000000000000000000e+00,0.000000000000000000e+00,0.000000000000000000e+00,0.000000000000000000e+00,0.000000000000000000e+00,0.000000000000000000e+00,0.000000000000000000e+00,0.000000000000000000e+00,0.000000000000000000e+00,0.000000000000000000e+00,0.000000000000000000e+00,0.000000000000000000e+00,0.000000000000000000e+00,0.000000000000000000e+00,0.000000000000000000e+00,0.000000000000000000e+00,0.000000000000000000e+00,0.000000000000000000e+00,0.000000000000000000e+00,0.000000000000000000e+00,0.000000000000000000e+00,0.000000000000000000e+00,0.000000000000000000e+00,0.000000000000000000e+00,0.000000000000000000e+00,0.000000000000000000e+00,0.000000000000000000e+00,0.000000000000000000e+00,0.000000000000000000e+00,0.000000000000000000e+00,0.000000000000000000e+00,0.000000000000000000e+00,0.000000000000000000e+00,0.000000000000000000e+00,0.000000000000000000e+00,0.000000000000000000e+00,0.000000000000000000e+00,0.000000000000000000e+00,0.000000000000000000e+00,0.000000000000000000e+00,0.000000000000000000e+00,0.000000000000000000e+00,0.000000000000000000e+00,0.000000000000000000e+00,0.000000000000000000e+00,0.000000000000000000e+00,0.000000000000000000e+00,0.000000000000000000e+00,0.000000000000000000e+00,0.000000000000000000e+00,0.000000000000000000e+00,0.000000000000000000e+00,0.000000000000000000e+00,0.000000000000000000e+00,0.000000000000000000e+00,0.000000000000000000e+00,0.000000000000000000e+00,0.000000000000000000e+00,0.000000000000000000e+00,0.000000000000000000e+00,0.000000000000000000e+00,0.000000000000000000e+00,0.000000000000000000e+00,1.000000000000000000e+00,0.000000000000000000e+00,1.000000000000000000e+00,0.000000000000000000e+00,1.000000000000000000e+00,0.000000000000000000e+00,0.000000000000000000e+00,0.000000000000000000e+00,0.000000000000000000e+00,0.000000000000000000e+00,0.000000000000000000e+00,0.000000000000000000e+00,0.000000000000000000e+00,0.000000000000000000e+00,0.000000000000000000e+00,0.000000000000000000e+00,0.000000000000000000e+00,0.000000000000000000e+00,0.000000000000000000e+00,0.000000000000000000e+00,0.000000000000000000e+00,0.000000000000000000e+00,0.000000000000000000e+00,0.000000000000000000e+00,0.000000000000000000e+00,0.000000000000000000e+00,1.000000000000000000e+00,0.000000000000000000e+00,0.000000000000000000e+00,0.000000000000000000e+00,0.000000000000000000e+00,0.000000000000000000e+00,0.000000000000000000e+00,0.000000000000000000e+00,0.000000000000000000e+00,0.000000000000000000e+00,0.000000000000000000e+00,0.000000000000000000e+00,0.000000000000000000e+00,0.000000000000000000e+00,0.000000000000000000e+00,0.000000000000000000e+00,0.000000000000000000e+00,0.000000000000000000e+00,0.000000000000000000e+00,0.000000000000000000e+00,0.000000000000000000e+00,0.000000000000000000e+00,0.000000000000000000e+00,0.000000000000000000e+00,1.000000000000000000e+00,0.000000000000000000e+00,0.000000000000000000e+00,0.000000000000000000e+00,0.000000000000000000e+00,0.000000000000000000e+00,0.000000000000000000e+00,0.000000000000000000e+00,0.000000000000000000e+00,1.000000000000000000e+00,0.000000000000000000e+00,0.000000000000000000e+00,0.000000000000000000e+00,0.000000000000000000e+00,0.000000000000000000e+00,0.000000000000000000e+00,0.000000000000000000e+00,0.000000000000000000e+00,0.000000000000000000e+00,0.000000000000000000e+00,0.000000000000000000e+00,0.000000000000000000e+00,0.000000000000000000e+00,0.000000000000000000e+00,0.000000000000000000e+00,0.000000000000000000e+00,0.000000000000000000e+00,0.000000000000000000e+00,0.000000000000000000e+00,0.000000000000000000e+00,0.000000000000000000e+00,0.000000000000000000e+00,0.000000000000000000e+00,0.000000000000000000e+00,0.000000000000000000e+00,0.000000000000000000e+00,1.000000000000000000e+00,0.000000000000000000e+00,0.000000000000000000e+00,0.000000000000000000e+00,0.000000000000000000e+00,0.000000000000000000e+00,0.000000000000000000e+00,0.000000000000000000e+00,0.000000000000000000e+00,0.000000000000000000e+00,0.000000000000000000e+00,0.000000000000000000e+00,1.000000000000000000e+00,0.000000000000000000e+00,0.000000000000000000e+00,0.000000000000000000e+00,0.000000000000000000e+00,0.000000000000000000e+00,0.000000000000000000e+00,0.000000000000000000e+00,0.000000000000000000e+00,0.000000000000000000e+00,0.000000000000000000e+00,0.000000000000000000e+00,0.000000000000000000e+00,0.000000000000000000e+00,0.000000000000000000e+00,0.000000000000000000e+00,0.000000000000000000e+00,0.000000000000000000e+00,0.000000000000000000e+00,0.000000000000000000e+00,0.000000000000000000e+00,0.000000000000000000e+00,0.000000000000000000e+00,0.000000000000000000e+00,1.000000000000000000e+00,0.000000000000000000e+00,0.000000000000000000e+00,0.000000000000000000e+00,0.000000000000000000e+00,0.000000000000000000e+00,0.000000000000000000e+00,0.000000000000000000e+00,1.000000000000000000e+00,0.000000000000000000e+00,0.000000000000000000e+00,0.000000000000000000e+00,0.000000000000000000e+00,0.000000000000000000e+00,0.000000000000000000e+00,0.000000000000000000e+00,0.000000000000000000e+00,0.000000000000000000e+00,0.000000000000000000e+00,0.000000000000000000e+00,0.000000000000000000e+00,0.000000000000000000e+00,1.000000000000000000e+00,0.000000000000000000e+00,0.000000000000000000e+00,1.000000000000000000e+00,0.000000000000000000e+00,0.000000000000000000e+00,0.000000000000000000e+00,0.000000000000000000e+00,0.000000000000000000e+00,0.000000000000000000e+00,0.000000000000000000e+00,0.000000000000000000e+00,0.000000000000000000e+00,1.000000000000000000e+00,0.000000000000000000e+00,0.000000000000000000e+00,0.000000000000000000e+00,0.000000000000000000e+00,1.000000000000000000e+00,0.000000000000000000e+00,0.000000000000000000e+00,0.000000000000000000e+00,0.000000000000000000e+00,0.000000000000000000e+00,0.000000000000000000e+00,0.000000000000000000e+00,0.000000000000000000e+00,0.000000000000000000e+00,0.000000000000000000e+00,0.000000000000000000e+00,0.000000000000000000e+00,0.000000000000000000e+00,0.000000000000000000e+00,0.000000000000000000e+00,0.000000000000000000e+00,0.000000000000000000e+00,0.000000000000000000e+00,0.000000000000000000e+00,0.000000000000000000e+00,0.000000000000000000e+00,2.000000000000000000e+00,0.000000000000000000e+00,0.000000000000000000e+00,0.000000000000000000e+00,0.000000000000000000e+00,0.000000000000000000e+00,0.000000000000000000e+00,0.000000000000000000e+00,1.000000000000000000e+00,0.000000000000000000e+00,0.000000000000000000e+00,1.000000000000000000e+00,0.000000000000000000e+00,0.000000000000000000e+00,0.000000000000000000e+00,0.000000000000000000e+00,0.000000000000000000e+00,0.000000000000000000e+00,0.000000000000000000e+00,0.000000000000000000e+00,0.000000000000000000e+00,0.000000000000000000e+00,0.000000000000000000e+00,0.000000000000000000e+00,0.000000000000000000e+00,0.000000000000000000e+00,0.000000000000000000e+00,0.000000000000000000e+00,0.000000000000000000e+00,1.000000000000000000e+00,0.000000000000000000e+00,0.000000000000000000e+00,0.000000000000000000e+00,0.000000000000000000e+00,0.000000000000000000e+00,0.000000000000000000e+00,0.000000000000000000e+00,0.000000000000000000e+00,0.000000000000000000e+00,0.000000000000000000e+00,0.000000000000000000e+00,0.000000000000000000e+00,0.000000000000000000e+00,0.000000000000000000e+00,0.000000000000000000e+00,0.000000000000000000e+00,0.000000000000000000e+00,0.000000000000000000e+00,0.000000000000000000e+00,1.000000000000000000e+00,0.000000000000000000e+00,0.000000000000000000e+00,0.000000000000000000e+00,0.000000000000000000e+00,0.000000000000000000e+00,0.000000000000000000e+00,0.000000000000000000e+00,1.000000000000000000e+00,0.000000000000000000e+00,0.000000000000000000e+00,0.000000000000000000e+00,0.000000000000000000e+00,0.000000000000000000e+00,0.000000000000000000e+00,0.000000000000000000e+00,0.000000000000000000e+00,0.000000000000000000e+00,0.000000000000000000e+00,0.000000000000000000e+00,0.000000000000000000e+00,0.000000000000000000e+00,0.000000000000000000e+00,0.000000000000000000e+00,0.000000000000000000e+00,0.000000000000000000e+00,0.000000000000000000e+00,0.000000000000000000e+00,0.000000000000000000e+00,0.000000000000000000e+00,0.000000000000000000e+00,0.000000000000000000e+00,0.000000000000000000e+00,0.000000000000000000e+00,0.000000000000000000e+00,0.000000000000000000e+00,0.000000000000000000e+00,0.000000000000000000e+00,0.000000000000000000e+00,0.000000000000000000e+00,0.000000000000000000e+00,1.000000000000000000e+00,0.000000000000000000e+00,0.000000000000000000e+00,0.000000000000000000e+00,0.000000000000000000e+00,0.000000000000000000e+00,0.000000000000000000e+00,0.000000000000000000e+00,0.000000000000000000e+00,0.000000000000000000e+00,0.000000000000000000e+00,0.000000000000000000e+00,0.000000000000000000e+00,0.000000000000000000e+00,0.000000000000000000e+00,0.000000000000000000e+00,0.000000000000000000e+00,0.000000000000000000e+00,0.000000000000000000e+00,0.000000000000000000e+00,0.000000000000000000e+00,0.000000000000000000e+00,0.000000000000000000e+00,0.000000000000000000e+00,0.000000000000000000e+00,0.000000000000000000e+00,0.000000000000000000e+00,0.000000000000000000e+00,0.000000000000000000e+00,0.000000000000000000e+00,0.000000000000000000e+00,0.000000000000000000e+00,0.000000000000000000e+00,0.000000000000000000e+00,0.000000000000000000e+00,0.000000000000000000e+00,0.000000000000000000e+00,0.000000000000000000e+00,0.000000000000000000e+00,0.000000000000000000e+00,0.000000000000000000e+00,0.000000000000000000e+00,0.000000000000000000e+00,0.000000000000000000e+00,0.000000000000000000e+00,0.000000000000000000e+00,0.000000000000000000e+00,0.000000000000000000e+00,0.000000000000000000e+00,0.000000000000000000e+00,0.000000000000000000e+00,0.000000000000000000e+00,0.000000000000000000e+00,0.000000000000000000e+00,0.000000000000000000e+00,0.000000000000000000e+00,0.000000000000000000e+00,0.000000000000000000e+00,0.000000000000000000e+00,0.000000000000000000e+00,0.000000000000000000e+00,0.000000000000000000e+00,0.000000000000000000e+00,0.000000000000000000e+00,0.000000000000000000e+00,0.000000000000000000e+00,0.000000000000000000e+00,0.000000000000000000e+00,0.000000000000000000e+00,0.000000000000000000e+00,0.000000000000000000e+00,0.000000000000000000e+00,0.000000000000000000e+00,0.000000000000000000e+00,0.000000000000000000e+00,0.000000000000000000e+00,0.000000000000000000e+00,0.000000000000000000e+00,0.000000000000000000e+00,0.000000000000000000e+00,0.000000000000000000e+00,0.000000000000000000e+00,0.000000000000000000e+00,0.000000000000000000e+00,0.000000000000000000e+00,0.000000000000000000e+00,0.000000000000000000e+00,0.000000000000000000e+00,0.000000000000000000e+00,0.000000000000000000e+00,0.000000000000000000e+00,0.000000000000000000e+00,1.000000000000000000e+00,1.000000000000000000e+00,0.000000000000000000e+00,0.000000000000000000e+00,0.000000000000000000e+00,0.000000000000000000e+00,0.000000000000000000e+00,0.000000000000000000e+00,0.000000000000000000e+00,0.000000000000000000e+00,0.000000000000000000e+00,0.000000000000000000e+00,0.000000000000000000e+00,1.000000000000000000e+00,0.000000000000000000e+00,0.000000000000000000e+00,0.000000000000000000e+00,0.000000000000000000e+00,1.000000000000000000e+00,0.000000000000000000e+00,0.000000000000000000e+00,0.000000000000000000e+00,0.000000000000000000e+00,0.000000000000000000e+00,0.000000000000000000e+00,0.000000000000000000e+00,0.000000000000000000e+00,0.000000000000000000e+00,0.000000000000000000e+00,0.000000000000000000e+00,0.000000000000000000e+00,0.000000000000000000e+00,0.000000000000000000e+00,0.000000000000000000e+00,0.000000000000000000e+00,0.000000000000000000e+00,0.000000000000000000e+00,0.000000000000000000e+00,0.000000000000000000e+00,0.000000000000000000e+00,0.000000000000000000e+00,0.000000000000000000e+00,0.000000000000000000e+00,0.000000000000000000e+00,0.000000000000000000e+00,0.000000000000000000e+00,0.000000000000000000e+00,0.000000000000000000e+00,0.000000000000000000e+00,0.000000000000000000e+00,0.000000000000000000e+00,0.000000000000000000e+00,2.000000000000000000e+00,0.000000000000000000e+00,0.000000000000000000e+00,0.000000000000000000e+00,0.000000000000000000e+00,0.000000000000000000e+00,0.000000000000000000e+00,0.000000000000000000e+00,0.000000000000000000e+00,0.000000000000000000e+00,0.000000000000000000e+00,0.000000000000000000e+00,0.000000000000000000e+00,0.000000000000000000e+00,0.000000000000000000e+00,0.000000000000000000e+00,1.000000000000000000e+00,0.000000000000000000e+00,0.000000000000000000e+00,0.000000000000000000e+00,0.000000000000000000e+00,1.000000000000000000e+00,0.000000000000000000e+00,0.000000000000000000e+00,0.000000000000000000e+00,0.000000000000000000e+00,0.000000000000000000e+00,0.000000000000000000e+00,0.000000000000000000e+00,0.000000000000000000e+00,0.000000000000000000e+00,0.000000000000000000e+00,0.000000000000000000e+00,0.000000000000000000e+00,0.000000000000000000e+00,0.000000000000000000e+00,0.000000000000000000e+00,0.000000000000000000e+00,0.000000000000000000e+00,0.000000000000000000e+00,0.000000000000000000e+00,0.000000000000000000e+00,0.000000000000000000e+00,0.000000000000000000e+00,0.000000000000000000e+00,0.000000000000000000e+00,0.000000000000000000e+00,1.000000000000000000e+00,0.000000000000000000e+00,0.000000000000000000e+00,0.000000000000000000e+00,0.000000000000000000e+00,0.000000000000000000e+00,0.000000000000000000e+00,0.000000000000000000e+00,0.000000000000000000e+00,0.000000000000000000e+00,0.000000000000000000e+00,0.000000000000000000e+00,0.000000000000000000e+00,0.000000000000000000e+00,0.000000000000000000e+00,0.000000000000000000e+00,0.000000000000000000e+00,0.000000000000000000e+00,0.000000000000000000e+00,0.000000000000000000e+00,1.000000000000000000e+00,0.000000000000000000e+00,0.000000000000000000e+00,0.000000000000000000e+00,0.000000000000000000e+00,0.000000000000000000e+00,0.000000000000000000e+00,0.000000000000000000e+00,0.000000000000000000e+00,0.000000000000000000e+00,0.000000000000000000e+00,0.000000000000000000e+00,0.000000000000000000e+00,0.000000000000000000e+00,0.000000000000000000e+00,0.000000000000000000e+00,0.000000000000000000e+00,0.000000000000000000e+00,0.000000000000000000e+00,0.000000000000000000e+00,0.000000000000000000e+00,0.000000000000000000e+00,0.000000000000000000e+00,0.000000000000000000e+00,0.000000000000000000e+00,0.000000000000000000e+00,0.000000000000000000e+00,0.000000000000000000e+00,0.000000000000000000e+00,0.000000000000000000e+00,0.000000000000000000e+00,0.000000000000000000e+00,0.000000000000000000e+00,0.000000000000000000e+00,0.000000000000000000e+00,0.000000000000000000e+00,0.000000000000000000e+00,0.000000000000000000e+00,0.000000000000000000e+00,0.000000000000000000e+00,0.000000000000000000e+00,0.000000000000000000e+00,0.000000000000000000e+00,0.000000000000000000e+00,0.000000000000000000e+00,1.000000000000000000e+00,0.000000000000000000e+00,0.000000000000000000e+00,0.000000000000000000e+00,0.000000000000000000e+00,0.000000000000000000e+00,0.000000000000000000e+00,0.000000000000000000e+00,0.000000000000000000e+00,0.000000000000000000e+00,2.000000000000000000e+00,0.000000000000000000e+00,0.000000000000000000e+00,0.000000000000000000e+00,0.000000000000000000e+00,0.000000000000000000e+00,0.000000000000000000e+00,0.000000000000000000e+00,0.000000000000000000e+00,0.000000000000000000e+00,0.000000000000000000e+00,0.000000000000000000e+00,0.000000000000000000e+00,0.000000000000000000e+00,0.000000000000000000e+00,0.000000000000000000e+00,0.000000000000000000e+00,0.000000000000000000e+00,1.000000000000000000e+00,0.000000000000000000e+00,0.000000000000000000e+00,0.000000000000000000e+00,0.000000000000000000e+00,0.000000000000000000e+00,0.000000000000000000e+00,0.000000000000000000e+00,0.000000000000000000e+00,0.000000000000000000e+00,0.000000000000000000e+00,0.000000000000000000e+00,0.000000000000000000e+00,0.000000000000000000e+00,0.000000000000000000e+00,0.000000000000000000e+00,0.000000000000000000e+00,0.000000000000000000e+00,0.000000000000000000e+00,0.000000000000000000e+00,0.000000000000000000e+00,0.000000000000000000e+00,1.000000000000000000e+00,0.000000000000000000e+00,0.000000000000000000e+00,1.000000000000000000e+00,0.000000000000000000e+00,0.000000000000000000e+00,0.000000000000000000e+00,0.000000000000000000e+00,0.000000000000000000e+00,0.000000000000000000e+00,0.000000000000000000e+00,0.000000000000000000e+00,0.000000000000000000e+00,0.000000000000000000e+00,0.000000000000000000e+00,0.000000000000000000e+00,0.000000000000000000e+00,0.000000000000000000e+00,0.000000000000000000e+00,0.000000000000000000e+00,0.000000000000000000e+00,0.000000000000000000e+00,0.000000000000000000e+00,0.000000000000000000e+00,0.000000000000000000e+00,0.000000000000000000e+00,0.000000000000000000e+00,0.000000000000000000e+00,0.000000000000000000e+00,0.000000000000000000e+00,0.000000000000000000e+00,0.000000000000000000e+00,0.000000000000000000e+00,0.000000000000000000e+00,0.000000000000000000e+00,0.000000000000000000e+00,0.000000000000000000e+00,0.000000000000000000e+00,1.000000000000000000e+00,0.000000000000000000e+00,0.000000000000000000e+00,0.000000000000000000e+00,0.000000000000000000e+00,0.000000000000000000e+00,0.000000000000000000e+00,0.000000000000000000e+00,0.000000000000000000e+00,0.000000000000000000e+00,0.000000000000000000e+00,0.000000000000000000e+00,0.000000000000000000e+00,0.000000000000000000e+00,0.000000000000000000e+00,0.000000000000000000e+00,0.000000000000000000e+00,1.000000000000000000e+00,0.000000000000000000e+00,0.000000000000000000e+00,0.000000000000000000e+00,0.000000000000000000e+00,0.000000000000000000e+00,1.000000000000000000e+00,0.000000000000000000e+00,0.000000000000000000e+00,0.000000000000000000e+00,0.000000000000000000e+00,1.000000000000000000e+00,0.000000000000000000e+00,0.000000000000000000e+00,0.000000000000000000e+00,0.000000000000000000e+00,0.000000000000000000e+00,0.000000000000000000e+00,0.000000000000000000e+00,0.000000000000000000e+00,0.000000000000000000e+00,0.000000000000000000e+00,0.000000000000000000e+00,0.000000000000000000e+00,0.000000000000000000e+00,0.000000000000000000e+00,0.000000000000000000e+00,0.000000000000000000e+00,0.000000000000000000e+00,0.000000000000000000e+00,1.000000000000000000e+00,0.000000000000000000e+00,0.000000000000000000e+00,0.000000000000000000e+00,0.000000000000000000e+00,0.000000000000000000e+00,0.000000000000000000e+00,0.000000000000000000e+00,0.000000000000000000e+00,0.000000000000000000e+00,0.000000000000000000e+00,0.000000000000000000e+00,0.000000000000000000e+00,0.000000000000000000e+00,0.000000000000000000e+00,0.000000000000000000e+00,0.000000000000000000e+00,0.000000000000000000e+00,0.000000000000000000e+00,0.000000000000000000e+00,0.000000000000000000e+00,0.000000000000000000e+00,0.000000000000000000e+00,0.000000000000000000e+00,0.000000000000000000e+00,0.000000000000000000e+00,0.000000000000000000e+00,0.000000000000000000e+00,0.000000000000000000e+00,0.000000000000000000e+00,0.000000000000000000e+00,0.000000000000000000e+00,0.000000000000000000e+00,0.000000000000000000e+00,0.000000000000000000e+00,0.000000000000000000e+00,0.000000000000000000e+00,0.000000000000000000e+00,0.000000000000000000e+00,0.000000000000000000e+00,0.000000000000000000e+00,0.000000000000000000e+00,0.000000000000000000e+00,0.000000000000000000e+00,0.000000000000000000e+00,0.000000000000000000e+00,0.000000000000000000e+00,0.000000000000000000e+00,0.000000000000000000e+00,0.000000000000000000e+00,0.000000000000000000e+00,0.000000000000000000e+00,0.000000000000000000e+00,0.000000000000000000e+00,0.000000000000000000e+00,0.000000000000000000e+00,0.000000000000000000e+00,0.000000000000000000e+00,0.000000000000000000e+00,0.000000000000000000e+00,0.000000000000000000e+00,0.000000000000000000e+00,0.000000000000000000e+00,0.000000000000000000e+00,0.000000000000000000e+00,0.000000000000000000e+00,0.000000000000000000e+00,0.000000000000000000e+00,0.000000000000000000e+00,0.000000000000000000e+00,0.000000000000000000e+00,0.000000000000000000e+00,0.000000000000000000e+00,0.000000000000000000e+00,0.000000000000000000e+00,0.000000000000000000e+00,0.000000000000000000e+00,0.000000000000000000e+00,0.000000000000000000e+00,0.000000000000000000e+00,0.000000000000000000e+00,0.000000000000000000e+00,0.000000000000000000e+00,1.000000000000000000e+00,0.000000000000000000e+00,0.000000000000000000e+00,0.000000000000000000e+00,0.000000000000000000e+00,0.000000000000000000e+00,0.000000000000000000e+00,0.000000000000000000e+00,0.000000000000000000e+00,0.000000000000000000e+00,0.000000000000000000e+00,0.000000000000000000e+00,0.000000000000000000e+00,0.000000000000000000e+00,0.000000000000000000e+00,0.000000000000000000e+00,0.000000000000000000e+00,0.000000000000000000e+00,1.000000000000000000e+00,0.000000000000000000e+00,0.000000000000000000e+00,0.000000000000000000e+00,0.000000000000000000e+00,0.000000000000000000e+00,0.000000000000000000e+00,0.000000000000000000e+00,0.000000000000000000e+00,0.000000000000000000e+00,0.000000000000000000e+00,0.000000000000000000e+00,0.000000000000000000e+00,0.000000000000000000e+00,0.000000000000000000e+00,0.000000000000000000e+00,0.000000000000000000e+00,0.000000000000000000e+00,0.000000000000000000e+00,0.000000000000000000e+00,0.000000000000000000e+00,0.000000000000000000e+00,0.000000000000000000e+00,0.000000000000000000e+00,1.000000000000000000e+00,0.000000000000000000e+00,0.000000000000000000e+00,0.000000000000000000e+00,0.000000000000000000e+00,0.000000000000000000e+00,0.000000000000000000e+00,0.000000000000000000e+00,0.000000000000000000e+00,0.000000000000000000e+00,0.000000000000000000e+00,0.000000000000000000e+00,0.000000000000000000e+00,0.000000000000000000e+00,0.000000000000000000e+00,0.000000000000000000e+00,0.000000000000000000e+00,0.000000000000000000e+00,0.000000000000000000e+00,0.000000000000000000e+00,0.000000000000000000e+00,0.000000000000000000e+00,0.000000000000000000e+00,0.000000000000000000e+00,0.000000000000000000e+00,0.000000000000000000e+00,0.000000000000000000e+00,0.000000000000000000e+00,0.000000000000000000e+00,0.000000000000000000e+00,0.000000000000000000e+00,0.000000000000000000e+00,0.000000000000000000e+00,0.000000000000000000e+00,0.000000000000000000e+00,0.000000000000000000e+00,0.000000000000000000e+00,0.000000000000000000e+00,1.000000000000000000e+00,1.000000000000000000e+00,1.000000000000000000e+00,0.000000000000000000e+00,0.000000000000000000e+00,0.000000000000000000e+00,0.000000000000000000e+00,0.000000000000000000e+00,0.000000000000000000e+00,0.000000000000000000e+00,0.000000000000000000e+00,0.000000000000000000e+00,0.000000000000000000e+00,0.000000000000000000e+00,0.000000000000000000e+00,0.000000000000000000e+00,0.000000000000000000e+00,0.000000000000000000e+00,1.000000000000000000e+00,0.000000000000000000e+00,0.000000000000000000e+00,0.000000000000000000e+00,0.000000000000000000e+00,0.000000000000000000e+00,0.000000000000000000e+00,0.000000000000000000e+00,0.000000000000000000e+00,0.000000000000000000e+00,0.000000000000000000e+00,0.000000000000000000e+00,0.000000000000000000e+00,0.000000000000000000e+00,0.000000000000000000e+00,0.000000000000000000e+00,0.000000000000000000e+00,0.000000000000000000e+00,0.000000000000000000e+00,0.000000000000000000e+00,0.000000000000000000e+00,0.000000000000000000e+00,0.000000000000000000e+00,0.000000000000000000e+00,0.000000000000000000e+00,0.000000000000000000e+00,0.000000000000000000e+00,0.000000000000000000e+00,0.000000000000000000e+00,0.000000000000000000e+00,0.000000000000000000e+00,1.000000000000000000e+00,0.000000000000000000e+00,0.000000000000000000e+00,0.000000000000000000e+00,0.000000000000000000e+00,0.000000000000000000e+00,0.000000000000000000e+00,0.000000000000000000e+00,0.000000000000000000e+00,0.000000000000000000e+00,0.000000000000000000e+00,0.000000000000000000e+00,0.000000000000000000e+00,0.000000000000000000e+00,0.000000000000000000e+00,0.000000000000000000e+00,0.000000000000000000e+00,0.000000000000000000e+00,0.000000000000000000e+00,0.000000000000000000e+00,0.000000000000000000e+00,0.000000000000000000e+00,0.000000000000000000e+00,1.000000000000000000e+00,0.000000000000000000e+00,0.000000000000000000e+00,0.000000000000000000e+00,0.000000000000000000e+00,0.000000000000000000e+00,0.000000000000000000e+00,0.000000000000000000e+00,0.000000000000000000e+00,0.000000000000000000e+00,0.000000000000000000e+00,0.000000000000000000e+00,0.000000000000000000e+00,0.000000000000000000e+00,0.000000000000000000e+00,0.000000000000000000e+00,0.000000000000000000e+00,0.000000000000000000e+00,0.000000000000000000e+00,0.000000000000000000e+00,0.000000000000000000e+00,0.000000000000000000e+00,0.000000000000000000e+00,0.000000000000000000e+00,0.000000000000000000e+00,0.000000000000000000e+00,0.000000000000000000e+00,0.000000000000000000e+00,0.000000000000000000e+00,0.000000000000000000e+00,0.000000000000000000e+00,0.000000000000000000e+00,0.000000000000000000e+00,0.000000000000000000e+00,0.000000000000000000e+00,0.000000000000000000e+00,0.000000000000000000e+00,0.000000000000000000e+00,0.000000000000000000e+00,0.000000000000000000e+00,0.000000000000000000e+00,0.000000000000000000e+00,0.000000000000000000e+00,0.000000000000000000e+00,0.000000000000000000e+00,0.000000000000000000e+00,0.000000000000000000e+00,0.000000000000000000e+00,0.000000000000000000e+00,0.000000000000000000e+00,1.000000000000000000e+00,0.000000000000000000e+00,0.000000000000000000e+00,0.000000000000000000e+00,0.000000000000000000e+00,0.000000000000000000e+00,0.000000000000000000e+00,0.000000000000000000e+00,0.000000000000000000e+00,0.000000000000000000e+00,0.000000000000000000e+00,1.000000000000000000e+00,0.000000000000000000e+00,0.000000000000000000e+00,0.000000000000000000e+00,0.000000000000000000e+00,0.000000000000000000e+00,0.000000000000000000e+00,0.000000000000000000e+00,0.000000000000000000e+00,0.000000000000000000e+00,0.000000000000000000e+00,0.000000000000000000e+00,0.000000000000000000e+00,0.000000000000000000e+00,0.000000000000000000e+00,0.000000000000000000e+00,0.000000000000000000e+00,0.000000000000000000e+00,0.000000000000000000e+00,0.000000000000000000e+00,0.000000000000000000e+00,0.000000000000000000e+00,0.000000000000000000e+00,0.000000000000000000e+00,0.000000000000000000e+00,0.000000000000000000e+00,0.000000000000000000e+00,0.000000000000000000e+00,0.000000000000000000e+00,0.000000000000000000e+00,0.000000000000000000e+00,0.000000000000000000e+00,0.000000000000000000e+00,0.000000000000000000e+00,0.000000000000000000e+00,0.000000000000000000e+00,0.000000000000000000e+00,0.000000000000000000e+00,0.000000000000000000e+00,0.000000000000000000e+00,1.000000000000000000e+00,0.000000000000000000e+00,0.000000000000000000e+00,0.000000000000000000e+00,0.000000000000000000e+00,0.000000000000000000e+00,0.000000000000000000e+00,0.000000000000000000e+00,0.000000000000000000e+00,0.000000000000000000e+00,0.000000000000000000e+00,0.000000000000000000e+00,0.000000000000000000e+00,0.000000000000000000e+00,0.000000000000000000e+00,0.000000000000000000e+00,0.000000000000000000e+00,0.000000000000000000e+00,0.000000000000000000e+00,0.000000000000000000e+00,0.000000000000000000e+00,0.000000000000000000e+00,0.000000000000000000e+00,0.000000000000000000e+00,0.000000000000000000e+00,0.000000000000000000e+00,0.000000000000000000e+00,0.000000000000000000e+00,0.000000000000000000e+00,0.000000000000000000e+00,0.000000000000000000e+00,0.000000000000000000e+00,0.000000000000000000e+00,0.000000000000000000e+00,0.000000000000000000e+00,0.000000000000000000e+00,0.000000000000000000e+00,0.000000000000000000e+00,0.000000000000000000e+00,0.000000000000000000e+00,1.000000000000000000e+00,0.000000000000000000e+00,0.000000000000000000e+00,1.000000000000000000e+00,0.000000000000000000e+00,0.000000000000000000e+00,0.000000000000000000e+00,0.000000000000000000e+00,0.000000000000000000e+00,0.000000000000000000e+00,0.000000000000000000e+00,0.000000000000000000e+00,0.000000000000000000e+00,0.000000000000000000e+00,1.000000000000000000e+00,0.000000000000000000e+00,0.000000000000000000e+00,0.000000000000000000e+00,0.000000000000000000e+00,0.000000000000000000e+00,0.000000000000000000e+00,0.000000000000000000e+00,1.000000000000000000e+00,0.000000000000000000e+00,0.000000000000000000e+00,0.000000000000000000e+00,0.000000000000000000e+00,0.000000000000000000e+00,0.000000000000000000e+00,0.000000000000000000e+00,0.000000000000000000e+00,0.000000000000000000e+00,0.000000000000000000e+00,0.000000000000000000e+00,0.000000000000000000e+00,0.000000000000000000e+00,0.000000000000000000e+00,0.000000000000000000e+00,0.000000000000000000e+00,0.000000000000000000e+00,0.000000000000000000e+00,0.000000000000000000e+00,0.000000000000000000e+00,0.000000000000000000e+00,0.000000000000000000e+00,0.000000000000000000e+00,1.000000000000000000e+00,1.000000000000000000e+00,0.000000000000000000e+00,0.000000000000000000e+00,0.000000000000000000e+00,0.000000000000000000e+00,0.000000000000000000e+00,0.000000000000000000e+00,0.000000000000000000e+00,0.000000000000000000e+00,0.000000000000000000e+00,0.000000000000000000e+00,0.000000000000000000e+00,0.000000000000000000e+00,0.000000000000000000e+00,0.000000000000000000e+00,0.000000000000000000e+00,0.000000000000000000e+00,0.000000000000000000e+00,0.000000000000000000e+00,0.000000000000000000e+00,0.000000000000000000e+00,0.000000000000000000e+00,0.000000000000000000e+00,0.000000000000000000e+00,0.000000000000000000e+00,0.000000000000000000e+00,0.000000000000000000e+00,0.000000000000000000e+00,0.000000000000000000e+00,0.000000000000000000e+00,0.000000000000000000e+00,0.000000000000000000e+00,0.000000000000000000e+00,0.000000000000000000e+00,0.000000000000000000e+00,0.000000000000000000e+00,0.000000000000000000e+00,0.000000000000000000e+00,0.000000000000000000e+00,0.000000000000000000e+00,0.000000000000000000e+00,0.000000000000000000e+00,0.000000000000000000e+00,0.000000000000000000e+00,0.000000000000000000e+00,0.000000000000000000e+00,0.000000000000000000e+00,0.000000000000000000e+00,0.000000000000000000e+00,0.000000000000000000e+00,0.000000000000000000e+00,0.000000000000000000e+00,0.000000000000000000e+00,0.000000000000000000e+00,0.000000000000000000e+00,0.000000000000000000e+00,0.000000000000000000e+00,0.000000000000000000e+00,0.000000000000000000e+00,0.000000000000000000e+00,0.000000000000000000e+00,0.000000000000000000e+00,0.000000000000000000e+00,0.000000000000000000e+00,0.000000000000000000e+00,1.000000000000000000e+00,0.000000000000000000e+00,0.000000000000000000e+00,0.000000000000000000e+00,0.000000000000000000e+00,0.000000000000000000e+00,0.000000000000000000e+00,0.000000000000000000e+00,0.000000000000000000e+00,0.000000000000000000e+00,0.000000000000000000e+00,0.000000000000000000e+00,0.000000000000000000e+00,0.000000000000000000e+00,0.000000000000000000e+00,0.000000000000000000e+00,0.000000000000000000e+00,0.000000000000000000e+00,0.000000000000000000e+00,0.000000000000000000e+00,0.000000000000000000e+00,0.000000000000000000e+00,0.000000000000000000e+00,0.000000000000000000e+00,0.000000000000000000e+00,0.000000000000000000e+00,0.000000000000000000e+00,0.000000000000000000e+00,0.000000000000000000e+00,0.000000000000000000e+00,0.000000000000000000e+00,0.000000000000000000e+00,0.000000000000000000e+00,0.000000000000000000e+00,0.000000000000000000e+00,0.000000000000000000e+00,0.000000000000000000e+00,0.000000000000000000e+00,0.000000000000000000e+00,1.000000000000000000e+00,0.000000000000000000e+00,0.000000000000000000e+00,0.000000000000000000e+00,0.000000000000000000e+00,0.000000000000000000e+00,0.000000000000000000e+00,0.000000000000000000e+00,0.000000000000000000e+00,0.000000000000000000e+00,0.000000000000000000e+00,0.000000000000000000e+00,0.000000000000000000e+00,0.000000000000000000e+00,0.000000000000000000e+00,0.000000000000000000e+00,0.000000000000000000e+00,0.000000000000000000e+00,0.000000000000000000e+00,0.000000000000000000e+00,0.000000000000000000e+00,0.000000000000000000e+00,0.000000000000000000e+00,0.000000000000000000e+00,0.000000000000000000e+00,0.000000000000000000e+00,0.000000000000000000e+00,0.000000000000000000e+00,0.000000000000000000e+00,0.000000000000000000e+00,0.000000000000000000e+00,0.000000000000000000e+00,0.000000000000000000e+00,0.000000000000000000e+00,0.000000000000000000e+00,0.000000000000000000e+00,1.000000000000000000e+00,0.000000000000000000e+00,0.000000000000000000e+00,0.000000000000000000e+00,0.000000000000000000e+00,0.000000000000000000e+00,0.000000000000000000e+00,0.000000000000000000e+00,0.000000000000000000e+00,0.000000000000000000e+00,0.000000000000000000e+00,0.000000000000000000e+00,0.000000000000000000e+00,0.000000000000000000e+00,0.000000000000000000e+00,0.000000000000000000e+00,0.000000000000000000e+00,0.000000000000000000e+00,0.000000000000000000e+00,0.000000000000000000e+00,0.000000000000000000e+00,0.000000000000000000e+00,0.000000000000000000e+00,0.000000000000000000e+00,0.000000000000000000e+00,0.000000000000000000e+00,0.000000000000000000e+00,0.000000000000000000e+00,0.000000000000000000e+00,1.000000000000000000e+00,0.000000000000000000e+00,0.000000000000000000e+00,0.000000000000000000e+00,0.000000000000000000e+00,0.000000000000000000e+00,0.000000000000000000e+00,0.000000000000000000e+00,0.000000000000000000e+00,0.000000000000000000e+00,0.000000000000000000e+00,0.000000000000000000e+00,0.000000000000000000e+00,0.000000000000000000e+00,0.000000000000000000e+00,0.000000000000000000e+00,0.000000000000000000e+00,0.000000000000000000e+00,0.000000000000000000e+00,0.000000000000000000e+00,0.000000000000000000e+00,0.000000000000000000e+00,0.000000000000000000e+00,0.000000000000000000e+00,0.000000000000000000e+00,0.000000000000000000e+00,0.000000000000000000e+00,0.000000000000000000e+00,0.000000000000000000e+00,0.000000000000000000e+00,0.000000000000000000e+00,0.000000000000000000e+00,0.000000000000000000e+00,0.000000000000000000e+00,0.000000000000000000e+00,0.000000000000000000e+00,0.000000000000000000e+00,0.000000000000000000e+00,0.000000000000000000e+00,0.000000000000000000e+00,0.000000000000000000e+00,0.000000000000000000e+00,0.000000000000000000e+00,0.000000000000000000e+00,0.000000000000000000e+00,0.000000000000000000e+00,0.000000000000000000e+00,0.000000000000000000e+00,0.000000000000000000e+00,0.000000000000000000e+00,0.000000000000000000e+00,0.000000000000000000e+00,0.000000000000000000e+00,0.000000000000000000e+00,0.000000000000000000e+00,0.000000000000000000e+00,0.000000000000000000e+00,0.000000000000000000e+00,0.000000000000000000e+00,0.000000000000000000e+00,0.000000000000000000e+00,0.000000000000000000e+00,0.000000000000000000e+00,0.000000000000000000e+00,0.000000000000000000e+00,0.000000000000000000e+00,0.000000000000000000e+00,0.000000000000000000e+00,0.000000000000000000e+00,0.000000000000000000e+00,0.000000000000000000e+00,0.000000000000000000e+00,0.000000000000000000e+00,0.000000000000000000e+00,0.000000000000000000e+00,0.000000000000000000e+00,0.000000000000000000e+00,0.000000000000000000e+00,0.000000000000000000e+00,0.000000000000000000e+00,0.000000000000000000e+00,0.000000000000000000e+00,0.000000000000000000e+00,0.000000000000000000e+00,0.000000000000000000e+00,0.000000000000000000e+00,0.000000000000000000e+00,0.000000000000000000e+00,0.000000000000000000e+00,0.000000000000000000e+00,0.000000000000000000e+00,0.000000000000000000e+00,0.000000000000000000e+00,0.000000000000000000e+00,0.000000000000000000e+00,0.000000000000000000e+00,0.000000000000000000e+00,0.000000000000000000e+00,0.000000000000000000e+00,0.000000000000000000e+00,1.000000000000000000e+00,1.000000000000000000e+00,0.000000000000000000e+00,0.000000000000000000e+00,0.000000000000000000e+00,0.000000000000000000e+00,0.000000000000000000e+00,0.000000000000000000e+00,0.000000000000000000e+00,0.000000000000000000e+00,0.000000000000000000e+00,0.000000000000000000e+00,0.000000000000000000e+00,0.000000000000000000e+00,0.000000000000000000e+00,0.000000000000000000e+00,0.000000000000000000e+00,0.000000000000000000e+00,0.000000000000000000e+00,0.000000000000000000e+00,0.000000000000000000e+00,0.000000000000000000e+00,0.000000000000000000e+00,0.000000000000000000e+00,0.000000000000000000e+00,0.000000000000000000e+00,0.000000000000000000e+00,0.000000000000000000e+00,0.000000000000000000e+00,0.000000000000000000e+00,0.000000000000000000e+00,0.000000000000000000e+00,0.000000000000000000e+00,0.000000000000000000e+00,0.000000000000000000e+00,1.000000000000000000e+00,0.000000000000000000e+00,0.000000000000000000e+00,0.000000000000000000e+00,1.000000000000000000e+00,0.000000000000000000e+00,0.000000000000000000e+00,0.000000000000000000e+00,0.000000000000000000e+00,0.000000000000000000e+00,0.000000000000000000e+00,0.000000000000000000e+00,0.000000000000000000e+00,0.000000000000000000e+00,0.000000000000000000e+00,0.000000000000000000e+00,0.000000000000000000e+00,0.000000000000000000e+00,0.000000000000000000e+00,0.000000000000000000e+00,0.000000000000000000e+00,0.000000000000000000e+00,0.000000000000000000e+00,0.000000000000000000e+00,0.000000000000000000e+00,0.000000000000000000e+00,0.000000000000000000e+00,0.000000000000000000e+00,0.000000000000000000e+00,0.000000000000000000e+00,0.000000000000000000e+00,0.000000000000000000e+00,0.000000000000000000e+00,1.000000000000000000e+00,0.000000000000000000e+00,0.000000000000000000e+00,0.000000000000000000e+00,0.000000000000000000e+00,0.000000000000000000e+00,0.000000000000000000e+00,0.000000000000000000e+00,0.000000000000000000e+00,0.000000000000000000e+00,0.000000000000000000e+00,0.000000000000000000e+00,0.000000000000000000e+00,0.000000000000000000e+00,0.000000000000000000e+00,0.000000000000000000e+00,0.000000000000000000e+00,0.000000000000000000e+00,0.000000000000000000e+00,0.000000000000000000e+00,0.000000000000000000e+00,0.000000000000000000e+00,0.000000000000000000e+00,0.000000000000000000e+00,0.000000000000000000e+00,0.000000000000000000e+00,0.000000000000000000e+00,0.000000000000000000e+00,0.000000000000000000e+00,0.000000000000000000e+00,0.000000000000000000e+00,0.000000000000000000e+00,0.000000000000000000e+00,0.000000000000000000e+00,0.000000000000000000e+00,0.000000000000000000e+00,0.000000000000000000e+00,0.000000000000000000e+00,0.000000000000000000e+00,0.000000000000000000e+00,0.000000000000000000e+00,0.000000000000000000e+00,0.000000000000000000e+00,0.000000000000000000e+00,0.000000000000000000e+00,0.000000000000000000e+00,0.000000000000000000e+00,0.000000000000000000e+00,0.000000000000000000e+00,0.000000000000000000e+00,0.000000000000000000e+00,0.000000000000000000e+00,0.000000000000000000e+00,0.000000000000000000e+00,0.000000000000000000e+00,0.000000000000000000e+00,0.000000000000000000e+00,0.000000000000000000e+00,0.000000000000000000e+00,0.000000000000000000e+00,0.000000000000000000e+00,0.000000000000000000e+00,0.000000000000000000e+00,0.000000000000000000e+00,0.000000000000000000e+00,0.000000000000000000e+00,0.000000000000000000e+00,0.000000000000000000e+00,0.000000000000000000e+00,0.000000000000000000e+00,0.000000000000000000e+00,0.000000000000000000e+00,0.000000000000000000e+00,0.000000000000000000e+00,0.000000000000000000e+00,0.000000000000000000e+00,0.000000000000000000e+00,0.000000000000000000e+00,0.000000000000000000e+00,0.000000000000000000e+00,0.000000000000000000e+00,0.000000000000000000e+00,0.000000000000000000e+00,0.000000000000000000e+00,0.000000000000000000e+00,0.000000000000000000e+00,0.000000000000000000e+00,1.000000000000000000e+00,0.000000000000000000e+00,1.000000000000000000e+00,0.000000000000000000e+00,0.000000000000000000e+00,0.000000000000000000e+00,0.000000000000000000e+00,0.000000000000000000e+00,0.000000000000000000e+00,0.000000000000000000e+00,0.000000000000000000e+00,0.000000000000000000e+00,0.000000000000000000e+00,0.000000000000000000e+00,0.000000000000000000e+00,0.000000000000000000e+00,0.000000000000000000e+00,0.000000000000000000e+00,0.000000000000000000e+00,0.000000000000000000e+00,0.000000000000000000e+00,0.000000000000000000e+00,0.000000000000000000e+00,0.000000000000000000e+00,0.000000000000000000e+00,0.000000000000000000e+00,0.000000000000000000e+00,0.000000000000000000e+00,0.000000000000000000e+00,0.000000000000000000e+00,0.000000000000000000e+00,0.000000000000000000e+00,0.000000000000000000e+00,0.000000000000000000e+00,0.000000000000000000e+00,0.000000000000000000e+00,0.000000000000000000e+00,0.000000000000000000e+00,0.000000000000000000e+00,0.000000000000000000e+00,0.000000000000000000e+00,0.000000000000000000e+00,0.000000000000000000e+00,0.000000000000000000e+00,0.000000000000000000e+00,0.000000000000000000e+00,1.000000000000000000e+00,0.000000000000000000e+00,0.000000000000000000e+00,0.000000000000000000e+00,0.000000000000000000e+00,0.000000000000000000e+00,0.000000000000000000e+00,0.000000000000000000e+00,0.000000000000000000e+00,0.000000000000000000e+00,0.000000000000000000e+00,0.000000000000000000e+00,0.000000000000000000e+00,0.000000000000000000e+00,0.000000000000000000e+00,0.000000000000000000e+00,0.000000000000000000e+00,0.000000000000000000e+00,0.000000000000000000e+00,0.000000000000000000e+00,0.000000000000000000e+00,0.000000000000000000e+00,0.000000000000000000e+00,0.000000000000000000e+00,0.000000000000000000e+00,0.000000000000000000e+00,0.000000000000000000e+00,0.000000000000000000e+00,0.000000000000000000e+00,0.000000000000000000e+00,0.000000000000000000e+00,0.000000000000000000e+00,0.000000000000000000e+00,0.000000000000000000e+00,0.000000000000000000e+00,0.000000000000000000e+00,0.000000000000000000e+00,0.000000000000000000e+00,0.000000000000000000e+00,0.000000000000000000e+00,0.000000000000000000e+00,0.000000000000000000e+00,0.000000000000000000e+00,0.000000000000000000e+00,0.000000000000000000e+00,0.000000000000000000e+00,0.000000000000000000e+00,0.000000000000000000e+00,0.000000000000000000e+00,0.000000000000000000e+00,0.000000000000000000e+00,0.000000000000000000e+00,0.000000000000000000e+00,0.000000000000000000e+00,0.000000000000000000e+00,0.000000000000000000e+00,0.000000000000000000e+00,0.000000000000000000e+00,0.000000000000000000e+00,0.000000000000000000e+00,0.000000000000000000e+00,0.000000000000000000e+00,0.000000000000000000e+00,0.000000000000000000e+00,0.000000000000000000e+00,0.000000000000000000e+00,0.000000000000000000e+00,0.000000000000000000e+00,0.000000000000000000e+00,0.000000000000000000e+00,1.000000000000000000e+00,0.000000000000000000e+00,0.000000000000000000e+00,0.000000000000000000e+00,0.000000000000000000e+00,0.000000000000000000e+00,0.000000000000000000e+00,0.000000000000000000e+00,0.000000000000000000e+00,0.000000000000000000e+00,0.000000000000000000e+00,0.000000000000000000e+00,0.000000000000000000e+00,0.000000000000000000e+00,0.000000000000000000e+00,0.000000000000000000e+00,0.000000000000000000e+00,0.000000000000000000e+00,0.000000000000000000e+00,0.000000000000000000e+00,1.000000000000000000e+00,0.000000000000000000e+00,0.000000000000000000e+00,0.000000000000000000e+00,0.000000000000000000e+00,0.000000000000000000e+00,0.000000000000000000e+00,0.000000000000000000e+00,0.000000000000000000e+00,0.000000000000000000e+00,0.000000000000000000e+00,0.000000000000000000e+00,0.000000000000000000e+00,0.000000000000000000e+00,0.000000000000000000e+00,0.000000000000000000e+00,0.000000000000000000e+00,0.000000000000000000e+00,0.000000000000000000e+00,0.000000000000000000e+00,0.000000000000000000e+00,0.000000000000000000e+00,0.000000000000000000e+00,0.000000000000000000e+00,0.000000000000000000e+00,0.000000000000000000e+00,0.000000000000000000e+00,0.000000000000000000e+00,0.000000000000000000e+00,0.000000000000000000e+00,0.000000000000000000e+00,0.000000000000000000e+00,0.000000000000000000e+00,0.000000000000000000e+00,0.000000000000000000e+00,0.000000000000000000e+00,0.000000000000000000e+00,0.000000000000000000e+00,0.000000000000000000e+00,0.000000000000000000e+00,0.000000000000000000e+00,1.000000000000000000e+00,0.000000000000000000e+00,0.000000000000000000e+00,0.000000000000000000e+00,0.000000000000000000e+00,0.000000000000000000e+00,0.000000000000000000e+00,0.000000000000000000e+00,0.000000000000000000e+00,0.000000000000000000e+00,0.000000000000000000e+00,0.000000000000000000e+00,0.000000000000000000e+00,0.000000000000000000e+00,0.000000000000000000e+00,0.000000000000000000e+00,0.000000000000000000e+00,0.000000000000000000e+00,0.000000000000000000e+00,0.000000000000000000e+00,0.000000000000000000e+00,0.000000000000000000e+00,0.000000000000000000e+00,0.000000000000000000e+00,0.000000000000000000e+00,0.000000000000000000e+00,0.000000000000000000e+00,0.000000000000000000e+00,0.000000000000000000e+00,0.000000000000000000e+00,0.000000000000000000e+00,0.000000000000000000e+00,0.000000000000000000e+00,0.000000000000000000e+00,0.000000000000000000e+00,0.000000000000000000e+00,0.000000000000000000e+00,0.000000000000000000e+00,0.000000000000000000e+00,0.000000000000000000e+00,0.000000000000000000e+00,0.000000000000000000e+00,0.000000000000000000e+00,0.000000000000000000e+00,0.000000000000000000e+00,0.000000000000000000e+00,0.000000000000000000e+00,0.000000000000000000e+00,0.000000000000000000e+00,0.000000000000000000e+00,0.000000000000000000e+00,0.000000000000000000e+00,0.000000000000000000e+00,0.000000000000000000e+00,0.000000000000000000e+00,0.000000000000000000e+00,0.000000000000000000e+00,0.000000000000000000e+00,0.000000000000000000e+00,1.000000000000000000e+00,0.000000000000000000e+00,0.000000000000000000e+00,0.000000000000000000e+00,0.000000000000000000e+00,0.000000000000000000e+00,0.000000000000000000e+00,0.000000000000000000e+00,0.000000000000000000e+00,0.000000000000000000e+00,0.000000000000000000e+00,0.000000000000000000e+00,0.000000000000000000e+00,0.000000000000000000e+00,0.000000000000000000e+00,0.000000000000000000e+00,0.000000000000000000e+00,0.000000000000000000e+00,0.000000000000000000e+00,1.000000000000000000e+00,0.000000000000000000e+00,0.000000000000000000e+00,0.000000000000000000e+00,0.000000000000000000e+00,0.000000000000000000e+00,0.000000000000000000e+00,0.000000000000000000e+00,0.000000000000000000e+00,1.000000000000000000e+00,0.000000000000000000e+00,0.000000000000000000e+00,0.000000000000000000e+00,0.000000000000000000e+00,0.000000000000000000e+00,0.000000000000000000e+00,0.000000000000000000e+00,0.000000000000000000e+00,0.000000000000000000e+00,0.000000000000000000e+00,0.000000000000000000e+00,0.000000000000000000e+00,0.000000000000000000e+00,0.000000000000000000e+00,0.000000000000000000e+00,0.000000000000000000e+00,0.000000000000000000e+00,0.000000000000000000e+00,0.000000000000000000e+00,0.000000000000000000e+00,0.000000000000000000e+00,0.000000000000000000e+00,0.000000000000000000e+00,0.000000000000000000e+00,0.000000000000000000e+00,1.000000000000000000e+00,0.000000000000000000e+00,1.000000000000000000e+00,0.000000000000000000e+00,0.000000000000000000e+00,0.000000000000000000e+00,0.000000000000000000e+00,0.000000000000000000e+00,0.000000000000000000e+00,0.000000000000000000e+00,0.000000000000000000e+00,0.000000000000000000e+00,0.000000000000000000e+00,0.000000000000000000e+00,0.000000000000000000e+00,0.000000000000000000e+00,0.000000000000000000e+00,0.000000000000000000e+00,0.000000000000000000e+00,0.000000000000000000e+00,1.000000000000000000e+00,0.000000000000000000e+00,0.000000000000000000e+00,1.000000000000000000e+00,0.000000000000000000e+00,0.000000000000000000e+00,0.000000000000000000e+00,0.000000000000000000e+00,0.000000000000000000e+00,0.000000000000000000e+00,0.000000000000000000e+00,0.000000000000000000e+00,0.000000000000000000e+00,0.000000000000000000e+00,0.000000000000000000e+00,0.000000000000000000e+00,0.000000000000000000e+00,0.000000000000000000e+00,0.000000000000000000e+00,0.000000000000000000e+00,0.000000000000000000e+00,0.000000000000000000e+00,0.000000000000000000e+00,0.000000000000000000e+00,0.000000000000000000e+00,0.000000000000000000e+00,0.000000000000000000e+00,0.000000000000000000e+00,0.000000000000000000e+00,0.000000000000000000e+00,0.000000000000000000e+00,0.000000000000000000e+00,0.000000000000000000e+00,0.000000000000000000e+00,0.000000000000000000e+00,0.000000000000000000e+00,0.000000000000000000e+00,0.000000000000000000e+00,0.000000000000000000e+00,0.000000000000000000e+00,0.000000000000000000e+00,0.000000000000000000e+00,0.000000000000000000e+00,0.000000000000000000e+00,0.000000000000000000e+00,0.000000000000000000e+00,0.000000000000000000e+00,0.000000000000000000e+00,0.000000000000000000e+00,0.000000000000000000e+00,0.000000000000000000e+00,0.000000000000000000e+00,0.000000000000000000e+00,0.000000000000000000e+00,0.000000000000000000e+00,0.000000000000000000e+00,0.000000000000000000e+00,0.000000000000000000e+00,1.000000000000000000e+00,0.000000000000000000e+00,0.000000000000000000e+00,0.000000000000000000e+00,0.000000000000000000e+00,0.000000000000000000e+00,0.000000000000000000e+00,0.000000000000000000e+00,0.000000000000000000e+00,0.000000000000000000e+00,0.000000000000000000e+00,0.000000000000000000e+00,0.000000000000000000e+00,0.000000000000000000e+00,0.000000000000000000e+00,0.000000000000000000e+00,0.000000000000000000e+00,0.000000000000000000e+00,0.000000000000000000e+00,0.000000000000000000e+00,0.000000000000000000e+00,0.000000000000000000e+00,0.000000000000000000e+00,0.000000000000000000e+00,0.000000000000000000e+00,0.000000000000000000e+00,0.000000000000000000e+00,0.000000000000000000e+00,0.000000000000000000e+00,0.000000000000000000e+00,0.000000000000000000e+00,0.000000000000000000e+00,0.000000000000000000e+00,0.000000000000000000e+00,0.000000000000000000e+00,0.000000000000000000e+00,0.000000000000000000e+00,0.000000000000000000e+00,0.000000000000000000e+00,0.000000000000000000e+00,0.000000000000000000e+00,0.000000000000000000e+00,0.000000000000000000e+00,0.000000000000000000e+00,0.000000000000000000e+00,0.000000000000000000e+00,0.000000000000000000e+00,0.000000000000000000e+00,0.000000000000000000e+00,0.000000000000000000e+00,0.000000000000000000e+00,0.000000000000000000e+00,0.000000000000000000e+00,0.000000000000000000e+00,0.000000000000000000e+00,0.000000000000000000e+00,0.000000000000000000e+00,0.000000000000000000e+00,0.000000000000000000e+00,0.000000000000000000e+00,0.000000000000000000e+00,0.000000000000000000e+00,0.000000000000000000e+00,0.000000000000000000e+00,1.000000000000000000e+00,0.000000000000000000e+00,0.000000000000000000e+00,0.000000000000000000e+00,0.000000000000000000e+00,0.000000000000000000e+00,0.000000000000000000e+00,0.000000000000000000e+00,0.000000000000000000e+00,0.000000000000000000e+00,0.000000000000000000e+00,0.000000000000000000e+00,0.000000000000000000e+00,0.000000000000000000e+00,0.000000000000000000e+00,0.000000000000000000e+00,0.000000000000000000e+00,0.000000000000000000e+00,0.000000000000000000e+00,0.000000000000000000e+00,0.000000000000000000e+00,0.000000000000000000e+00,0.000000000000000000e+00,0.000000000000000000e+00,0.000000000000000000e+00,0.000000000000000000e+00,0.000000000000000000e+00,0.000000000000000000e+00,0.000000000000000000e+00,0.000000000000000000e+00,0.000000000000000000e+00,0.000000000000000000e+00,0.000000000000000000e+00,0.000000000000000000e+00,0.000000000000000000e+00,0.000000000000000000e+00,0.000000000000000000e+00,0.000000000000000000e+00,0.000000000000000000e+00,0.000000000000000000e+00,0.000000000000000000e+00,0.000000000000000000e+00,0.000000000000000000e+00,0.000000000000000000e+00,0.000000000000000000e+00,0.000000000000000000e+00,0.000000000000000000e+00,0.000000000000000000e+00,0.000000000000000000e+00,0.000000000000000000e+00,0.000000000000000000e+00,0.000000000000000000e+00,0.000000000000000000e+00,0.000000000000000000e+00,0.000000000000000000e+00,0.000000000000000000e+00,0.000000000000000000e+00,0.000000000000000000e+00,0.000000000000000000e+00,0.000000000000000000e+00,0.000000000000000000e+00,0.000000000000000000e+00,0.000000000000000000e+00,1.000000000000000000e+00,0.000000000000000000e+00,0.000000000000000000e+00,0.000000000000000000e+00,0.000000000000000000e+00,0.000000000000000000e+00,0.000000000000000000e+00,0.000000000000000000e+00,0.000000000000000000e+00,0.000000000000000000e+00,0.000000000000000000e+00,0.000000000000000000e+00,0.000000000000000000e+00,0.000000000000000000e+00,0.000000000000000000e+00,0.000000000000000000e+00,0.000000000000000000e+00,0.000000000000000000e+00,0.000000000000000000e+00,0.000000000000000000e+00,0.000000000000000000e+00,0.000000000000000000e+00,0.000000000000000000e+00,0.000000000000000000e+00,0.000000000000000000e+00,0.000000000000000000e+00,0.000000000000000000e+00,0.000000000000000000e+00,0.000000000000000000e+00,0.000000000000000000e+00,0.000000000000000000e+00,0.000000000000000000e+00,0.000000000000000000e+00,0.000000000000000000e+00,0.000000000000000000e+00,0.000000000000000000e+00,0.000000000000000000e+00,0.000000000000000000e+00,1.000000000000000000e+00,0.000000000000000000e+00,0.000000000000000000e+00,1.000000000000000000e+00,0.000000000000000000e+00,0.000000000000000000e+00,0.000000000000000000e+00,0.000000000000000000e+00,0.000000000000000000e+00,0.000000000000000000e+00,0.000000000000000000e+00,0.000000000000000000e+00,0.000000000000000000e+00,0.000000000000000000e+00,0.000000000000000000e+00,0.000000000000000000e+00,0.000000000000000000e+00,0.000000000000000000e+00,0.000000000000000000e+00,0.000000000000000000e+00,0.000000000000000000e+00,0.000000000000000000e+00,0.000000000000000000e+00,0.000000000000000000e+00,0.000000000000000000e+00,0.000000000000000000e+00,0.000000000000000000e+00,0.000000000000000000e+00,0.000000000000000000e+00,0.000000000000000000e+00,0.000000000000000000e+00,0.000000000000000000e+00,0.000000000000000000e+00,0.000000000000000000e+00,0.000000000000000000e+00,0.000000000000000000e+00,0.000000000000000000e+00,1.000000000000000000e+00,0.000000000000000000e+00,0.000000000000000000e+00,0.000000000000000000e+00,0.000000000000000000e+00,0.000000000000000000e+00,0.000000000000000000e+00,0.000000000000000000e+00,0.000000000000000000e+00,0.000000000000000000e+00,0.000000000000000000e+00,0.000000000000000000e+00,0.000000000000000000e+00,0.000000000000000000e+00,0.000000000000000000e+00,0.000000000000000000e+00,0.000000000000000000e+00,0.000000000000000000e+00,0.000000000000000000e+00,0.000000000000000000e+00,0.000000000000000000e+00,0.000000000000000000e+00,0.000000000000000000e+00,0.000000000000000000e+00,0.000000000000000000e+00,0.000000000000000000e+00,0.000000000000000000e+00,1.000000000000000000e+00,0.000000000000000000e+00,0.000000000000000000e+00,0.000000000000000000e+00,0.000000000000000000e+00,0.000000000000000000e+00,0.000000000000000000e+00,0.000000000000000000e+00,0.000000000000000000e+00,0.000000000000000000e+00,0.000000000000000000e+00,0.000000000000000000e+00,0.000000000000000000e+00,0.000000000000000000e+00,0.000000000000000000e+00,0.000000000000000000e+00,0.000000000000000000e+00,0.000000000000000000e+00,0.000000000000000000e+00,0.000000000000000000e+00,0.000000000000000000e+00,0.000000000000000000e+00,0.000000000000000000e+00,0.000000000000000000e+00,0.000000000000000000e+00,0.000000000000000000e+00,0.000000000000000000e+00,0.000000000000000000e+00,0.000000000000000000e+00,0.000000000000000000e+00,0.000000000000000000e+00,0.000000000000000000e+00,0.000000000000000000e+00,0.000000000000000000e+00,0.000000000000000000e+00,0.000000000000000000e+00,0.000000000000000000e+00,0.000000000000000000e+00,0.000000000000000000e+00,0.000000000000000000e+00,0.000000000000000000e+00,0.000000000000000000e+00,0.000000000000000000e+00,0.000000000000000000e+00,0.000000000000000000e+00,0.000000000000000000e+00,0.000000000000000000e+00,0.000000000000000000e+00,0.000000000000000000e+00,0.000000000000000000e+00,0.000000000000000000e+00,0.000000000000000000e+00,0.000000000000000000e+00,1.000000000000000000e+00,0.000000000000000000e+00,0.000000000000000000e+00,0.000000000000000000e+00,0.000000000000000000e+00,1.000000000000000000e+00,1.000000000000000000e+00,0.000000000000000000e+00,0.000000000000000000e+00,0.000000000000000000e+00,0.000000000000000000e+00,0.000000000000000000e+00,0.000000000000000000e+00,0.000000000000000000e+00,0.000000000000000000e+00,0.000000000000000000e+00,0.000000000000000000e+00,0.000000000000000000e+00,0.000000000000000000e+00,0.000000000000000000e+00,0.000000000000000000e+00,0.000000000000000000e+00,0.000000000000000000e+00,0.000000000000000000e+00,0.000000000000000000e+00,0.000000000000000000e+00,0.000000000000000000e+00,0.000000000000000000e+00,0.000000000000000000e+00,0.000000000000000000e+00,0.000000000000000000e+00,0.000000000000000000e+00,0.000000000000000000e+00,0.000000000000000000e+00,0.000000000000000000e+00,0.000000000000000000e+00,0.000000000000000000e+00,0.000000000000000000e+00,0.000000000000000000e+00,0.000000000000000000e+00,0.000000000000000000e+00,0.000000000000000000e+00,0.000000000000000000e+00,0.000000000000000000e+00,0.000000000000000000e+00,0.000000000000000000e+00,0.000000000000000000e+00,0.000000000000000000e+00,0.000000000000000000e+00,0.000000000000000000e+00,0.000000000000000000e+00,0.000000000000000000e+00,1.000000000000000000e+00,0.000000000000000000e+00,0.000000000000000000e+00,0.000000000000000000e+00,0.000000000000000000e+00,0.000000000000000000e+00,0.000000000000000000e+00,0.000000000000000000e+00,0.000000000000000000e+00,0.000000000000000000e+00,0.000000000000000000e+00,0.000000000000000000e+00,0.000000000000000000e+00,0.000000000000000000e+00,0.000000000000000000e+00,0.000000000000000000e+00,0.000000000000000000e+00,0.000000000000000000e+00,0.000000000000000000e+00,0.000000000000000000e+00,0.000000000000000000e+00,0.000000000000000000e+00,0.000000000000000000e+00,0.000000000000000000e+00,0.000000000000000000e+00,0.000000000000000000e+00,0.000000000000000000e+00,0.000000000000000000e+00,0.000000000000000000e+00,0.000000000000000000e+00,0.000000000000000000e+00,0.000000000000000000e+00,0.000000000000000000e+00,0.000000000000000000e+00,0.000000000000000000e+00,0.000000000000000000e+00,0.000000000000000000e+00,0.000000000000000000e+00,0.000000000000000000e+00,0.000000000000000000e+00,0.000000000000000000e+00,0.000000000000000000e+00,0.000000000000000000e+00,0.000000000000000000e+00,0.000000000000000000e+00,1.000000000000000000e+00,0.000000000000000000e+00,0.000000000000000000e+00,0.000000000000000000e+00,0.000000000000000000e+00,1.000000000000000000e+00,0.000000000000000000e+00,0.000000000000000000e+00,0.000000000000000000e+00,0.000000000000000000e+00,0.000000000000000000e+00,0.000000000000000000e+00,0.000000000000000000e+00,0.000000000000000000e+00,0.000000000000000000e+00,0.000000000000000000e+00,0.000000000000000000e+00,1.000000000000000000e+00,0.000000000000000000e+00,0.000000000000000000e+00,0.000000000000000000e+00,0.000000000000000000e+00,0.000000000000000000e+00,0.000000000000000000e+00,1.000000000000000000e+00,0.000000000000000000e+00,0.000000000000000000e+00,0.000000000000000000e+00,0.000000000000000000e+00,0.000000000000000000e+00,0.000000000000000000e+00,0.000000000000000000e+00,0.000000000000000000e+00,0.000000000000000000e+00,0.000000000000000000e+00,0.000000000000000000e+00,0.000000000000000000e+00,0.000000000000000000e+00,0.000000000000000000e+00,0.000000000000000000e+00,0.000000000000000000e+00,0.000000000000000000e+00,0.000000000000000000e+00,0.000000000000000000e+00,0.000000000000000000e+00,0.000000000000000000e+00,0.000000000000000000e+00,0.000000000000000000e+00,0.000000000000000000e+00,0.000000000000000000e+00,0.000000000000000000e+00,0.000000000000000000e+00,0.000000000000000000e+00,0.000000000000000000e+00,0.000000000000000000e+00,0.000000000000000000e+00,0.000000000000000000e+00,0.000000000000000000e+00,0.000000000000000000e+00,0.000000000000000000e+00,0.000000000000000000e+00,0.000000000000000000e+00,0.000000000000000000e+00,0.000000000000000000e+00,0.000000000000000000e+00,0.000000000000000000e+00,0.000000000000000000e+00,0.000000000000000000e+00,0.000000000000000000e+00,0.000000000000000000e+00,0.000000000000000000e+00,0.000000000000000000e+00,0.000000000000000000e+00,0.000000000000000000e+00,0.000000000000000000e+00,0.000000000000000000e+00,0.000000000000000000e+00,0.000000000000000000e+00,0.000000000000000000e+00,0.000000000000000000e+00,0.000000000000000000e+00,0.000000000000000000e+00,0.000000000000000000e+00,0.000000000000000000e+00,0.000000000000000000e+00,0.000000000000000000e+00,0.000000000000000000e+00,0.000000000000000000e+00,0.000000000000000000e+00,0.000000000000000000e+00,0.000000000000000000e+00,0.000000000000000000e+00,0.000000000000000000e+00,0.000000000000000000e+00,0.000000000000000000e+00,0.000000000000000000e+00,1.000000000000000000e+00,0.000000000000000000e+00,0.000000000000000000e+00,0.000000000000000000e+00,0.000000000000000000e+00,0.000000000000000000e+00,0.000000000000000000e+00,0.000000000000000000e+00,0.000000000000000000e+00,0.000000000000000000e+00,0.000000000000000000e+00,0.000000000000000000e+00,0.000000000000000000e+00,0.000000000000000000e+00,0.000000000000000000e+00,0.000000000000000000e+00,0.000000000000000000e+00,0.000000000000000000e+00,0.000000000000000000e+00,0.000000000000000000e+00,0.000000000000000000e+00,0.000000000000000000e+00,0.000000000000000000e+00,0.000000000000000000e+00,0.000000000000000000e+00,0.000000000000000000e+00,0.000000000000000000e+00,0.000000000000000000e+00,0.000000000000000000e+00,0.000000000000000000e+00,0.000000000000000000e+00,0.000000000000000000e+00,0.000000000000000000e+00,0.000000000000000000e+00,0.000000000000000000e+00,0.000000000000000000e+00,0.000000000000000000e+00,0.000000000000000000e+00,0.000000000000000000e+00,0.000000000000000000e+00,0.000000000000000000e+00,0.000000000000000000e+00,0.000000000000000000e+00,0.000000000000000000e+00,0.000000000000000000e+00,0.000000000000000000e+00,0.000000000000000000e+00,0.000000000000000000e+00,0.000000000000000000e+00,0.000000000000000000e+00,0.000000000000000000e+00,1.000000000000000000e+00,0.000000000000000000e+00,0.000000000000000000e+00,0.000000000000000000e+00,0.000000000000000000e+00,0.000000000000000000e+00,0.000000000000000000e+00,0.000000000000000000e+00,0.000000000000000000e+00,0.000000000000000000e+00,0.000000000000000000e+00,0.000000000000000000e+00,0.000000000000000000e+00,0.000000000000000000e+00,0.000000000000000000e+00,0.000000000000000000e+00,0.000000000000000000e+00,0.000000000000000000e+00,0.000000000000000000e+00,0.000000000000000000e+00,0.000000000000000000e+00,0.000000000000000000e+00,0.000000000000000000e+00,0.000000000000000000e+00,0.000000000000000000e+00,0.000000000000000000e+00,0.000000000000000000e+00,0.000000000000000000e+00,0.000000000000000000e+00,0.000000000000000000e+00,0.000000000000000000e+00,0.000000000000000000e+00,0.000000000000000000e+00,0.000000000000000000e+00,1.000000000000000000e+00,0.000000000000000000e+00,0.000000000000000000e+00,0.000000000000000000e+00,0.000000000000000000e+00,1.000000000000000000e+00,0.000000000000000000e+00,0.000000000000000000e+00,0.000000000000000000e+00,0.000000000000000000e+00,0.000000000000000000e+00,0.000000000000000000e+00,0.000000000000000000e+00,0.000000000000000000e+00,0.000000000000000000e+00,0.000000000000000000e+00,0.000000000000000000e+00,0.000000000000000000e+00,0.000000000000000000e+00,0.000000000000000000e+00,0.000000000000000000e+00,0.000000000000000000e+00,0.000000000000000000e+00,0.000000000000000000e+00,0.000000000000000000e+00,0.000000000000000000e+00,0.000000000000000000e+00,0.000000000000000000e+00,0.000000000000000000e+00,0.000000000000000000e+00,0.000000000000000000e+00,0.000000000000000000e+00,0.000000000000000000e+00,0.000000000000000000e+00,0.000000000000000000e+00,0.000000000000000000e+00,0.000000000000000000e+00,0.000000000000000000e+00,0.000000000000000000e+00,0.000000000000000000e+00,0.000000000000000000e+00,0.000000000000000000e+00,0.000000000000000000e+00,0.000000000000000000e+00,0.000000000000000000e+00,0.000000000000000000e+00,0.000000000000000000e+00,0.000000000000000000e+00,0.000000000000000000e+00,0.000000000000000000e+00,0.000000000000000000e+00,0.000000000000000000e+00,0.000000000000000000e+00,0.000000000000000000e+00,0.000000000000000000e+00,0.000000000000000000e+00,0.000000000000000000e+00,0.000000000000000000e+00,0.000000000000000000e+00,0.000000000000000000e+00,0.000000000000000000e+00,0.000000000000000000e+00,0.000000000000000000e+00,0.000000000000000000e+00,0.000000000000000000e+00,0.000000000000000000e+00,0.000000000000000000e+00,0.000000000000000000e+00,0.000000000000000000e+00,0.000000000000000000e+00,0.000000000000000000e+00,0.000000000000000000e+00,0.000000000000000000e+00,0.000000000000000000e+00,0.000000000000000000e+00,0.000000000000000000e+00,0.000000000000000000e+00,0.000000000000000000e+00,0.000000000000000000e+00,0.000000000000000000e+00,0.000000000000000000e+00,0.000000000000000000e+00,0.000000000000000000e+00,0.000000000000000000e+00,0.000000000000000000e+00,0.000000000000000000e+00,0.000000000000000000e+00,0.000000000000000000e+00,0.000000000000000000e+00,0.000000000000000000e+00,0.000000000000000000e+00,0.000000000000000000e+00,0.000000000000000000e+00,0.000000000000000000e+00,0.000000000000000000e+00,0.000000000000000000e+00,0.000000000000000000e+00,0.000000000000000000e+00,0.000000000000000000e+00,0.000000000000000000e+00,0.000000000000000000e+00,0.000000000000000000e+00,0.000000000000000000e+00,0.000000000000000000e+00,0.000000000000000000e+00,0.000000000000000000e+00,0.000000000000000000e+00,0.000000000000000000e+00,0.000000000000000000e+00,0.000000000000000000e+00,0.000000000000000000e+00,0.000000000000000000e+00,0.000000000000000000e+00,0.000000000000000000e+00,0.000000000000000000e+00,0.000000000000000000e+00,0.000000000000000000e+00,0.000000000000000000e+00,0.000000000000000000e+00,0.000000000000000000e+00,0.000000000000000000e+00,0.000000000000000000e+00,0.000000000000000000e+00,0.000000000000000000e+00,0.000000000000000000e+00,0.000000000000000000e+00,0.000000000000000000e+00,0.000000000000000000e+00,0.000000000000000000e+00,1.000000000000000000e+00,0.000000000000000000e+00,0.000000000000000000e+00,0.000000000000000000e+00,0.000000000000000000e+00,0.000000000000000000e+00,0.000000000000000000e+00,0.000000000000000000e+00,0.000000000000000000e+00,0.000000000000000000e+00,0.000000000000000000e+00,0.000000000000000000e+00,0.000000000000000000e+00,0.000000000000000000e+00,1.000000000000000000e+00,0.000000000000000000e+00,0.000000000000000000e+00,0.000000000000000000e+00,0.000000000000000000e+00,0.000000000000000000e+00,0.000000000000000000e+00,0.000000000000000000e+00,0.000000000000000000e+00,0.000000000000000000e+00,0.000000000000000000e+00,0.000000000000000000e+00,0.000000000000000000e+00,0.000000000000000000e+00,0.000000000000000000e+00,0.000000000000000000e+00,0.000000000000000000e+00,0.000000000000000000e+00,0.000000000000000000e+00,0.000000000000000000e+00,0.000000000000000000e+00,0.000000000000000000e+00,0.000000000000000000e+00,0.000000000000000000e+00,0.000000000000000000e+00,0.000000000000000000e+00,0.000000000000000000e+00,0.000000000000000000e+00,0.000000000000000000e+00,0.000000000000000000e+00,0.000000000000000000e+00,0.000000000000000000e+00,0.000000000000000000e+00,0.000000000000000000e+00,0.000000000000000000e+00,0.000000000000000000e+00,0.000000000000000000e+00,0.000000000000000000e+00,0.000000000000000000e+00,1.000000000000000000e+00,0.000000000000000000e+00,0.000000000000000000e+00,0.000000000000000000e+00,0.000000000000000000e+00,0.000000000000000000e+00,0.000000000000000000e+00,0.000000000000000000e+00,0.000000000000000000e+00,0.000000000000000000e+00,0.000000000000000000e+00,0.000000000000000000e+00,0.000000000000000000e+00,0.000000000000000000e+00,0.000000000000000000e+00,0.000000000000000000e+00,0.000000000000000000e+00,0.000000000000000000e+00,0.000000000000000000e+00,0.000000000000000000e+00,0.000000000000000000e+00,0.000000000000000000e+00,0.000000000000000000e+00,0.000000000000000000e+00,0.000000000000000000e+00,0.000000000000000000e+00,0.000000000000000000e+00,0.000000000000000000e+00,0.000000000000000000e+00,0.000000000000000000e+00,0.000000000000000000e+00,0.000000000000000000e+00,0.000000000000000000e+00,0.000000000000000000e+00,0.000000000000000000e+00,0.000000000000000000e+00,0.000000000000000000e+00,0.000000000000000000e+00,1.000000000000000000e+00,0.000000000000000000e+00,0.000000000000000000e+00,0.000000000000000000e+00,0.000000000000000000e+00,0.000000000000000000e+00,0.000000000000000000e+00,0.000000000000000000e+00,0.000000000000000000e+00,0.000000000000000000e+00,0.000000000000000000e+00,0.000000000000000000e+00,0.000000000000000000e+00,0.000000000000000000e+00,0.000000000000000000e+00,0.000000000000000000e+00,0.000000000000000000e+00,0.000000000000000000e+00,0.000000000000000000e+00,0.000000000000000000e+00,0.000000000000000000e+00,0.000000000000000000e+00,0.000000000000000000e+00,0.000000000000000000e+00,0.000000000000000000e+00,0.000000000000000000e+00,0.000000000000000000e+00,0.000000000000000000e+00,0.000000000000000000e+00,0.000000000000000000e+00,0.000000000000000000e+00,0.000000000000000000e+00,0.000000000000000000e+00,0.000000000000000000e+00,0.000000000000000000e+00,0.000000000000000000e+00,0.000000000000000000e+00,0.000000000000000000e+00,0.000000000000000000e+00,0.000000000000000000e+00,0.000000000000000000e+00,0.000000000000000000e+00,0.000000000000000000e+00,0.000000000000000000e+00,0.000000000000000000e+00,0.000000000000000000e+00,0.000000000000000000e+00,0.000000000000000000e+00,0.000000000000000000e+00,0.000000000000000000e+00,0.000000000000000000e+00,0.000000000000000000e+00,0.000000000000000000e+00,0.000000000000000000e+00,0.000000000000000000e+00,0.000000000000000000e+00,0.000000000000000000e+00,0.000000000000000000e+00,0.000000000000000000e+00,0.000000000000000000e+00,0.000000000000000000e+00,0.000000000000000000e+00,0.000000000000000000e+00,0.000000000000000000e+00,0.000000000000000000e+00,0.000000000000000000e+00,0.000000000000000000e+00,0.000000000000000000e+00,0.000000000000000000e+00,0.000000000000000000e+00,0.000000000000000000e+00,0.000000000000000000e+00,0.000000000000000000e+00,0.000000000000000000e+00,0.000000000000000000e+00,0.000000000000000000e+00,0.000000000000000000e+00,0.000000000000000000e+00,0.000000000000000000e+00,0.000000000000000000e+00,0.000000000000000000e+00,0.000000000000000000e+00,0.000000000000000000e+00,0.000000000000000000e+00,0.000000000000000000e+00,0.000000000000000000e+00,0.000000000000000000e+00,0.000000000000000000e+00,0.000000000000000000e+00,0.000000000000000000e+00,0.000000000000000000e+00,0.000000000000000000e+00,0.000000000000000000e+00,0.000000000000000000e+00,0.000000000000000000e+00,0.000000000000000000e+00,0.000000000000000000e+00,0.000000000000000000e+00,0.000000000000000000e+00,0.000000000000000000e+00,0.000000000000000000e+00,0.000000000000000000e+00,0.000000000000000000e+00,0.000000000000000000e+00,0.000000000000000000e+00,0.000000000000000000e+00,0.000000000000000000e+00,0.000000000000000000e+00,0.000000000000000000e+00,0.000000000000000000e+00,0.000000000000000000e+00,0.000000000000000000e+00,0.000000000000000000e+00,0.000000000000000000e+00,0.000000000000000000e+00,0.000000000000000000e+00,0.000000000000000000e+00,0.000000000000000000e+00,0.000000000000000000e+00,0.000000000000000000e+00,0.000000000000000000e+00,0.000000000000000000e+00,0.000000000000000000e+00,0.000000000000000000e+00,0.000000000000000000e+00,0.000000000000000000e+00,0.000000000000000000e+00,0.000000000000000000e+00,0.000000000000000000e+00,0.000000000000000000e+00,0.000000000000000000e+00,0.000000000000000000e+00,0.000000000000000000e+00,0.000000000000000000e+00,0.000000000000000000e+00,0.000000000000000000e+00,0.000000000000000000e+00,0.000000000000000000e+00,0.000000000000000000e+00,0.000000000000000000e+00,0.000000000000000000e+00,0.000000000000000000e+00,0.000000000000000000e+00,0.000000000000000000e+00,0.000000000000000000e+00,0.000000000000000000e+00,0.000000000000000000e+00,0.000000000000000000e+00,0.000000000000000000e+00,0.000000000000000000e+00,0.000000000000000000e+00,0.000000000000000000e+00,0.000000000000000000e+00,0.000000000000000000e+00,0.000000000000000000e+00,0.000000000000000000e+00,0.000000000000000000e+00,0.000000000000000000e+00,0.000000000000000000e+00,0.000000000000000000e+00,0.000000000000000000e+00,0.000000000000000000e+00,0.000000000000000000e+00,0.000000000000000000e+00,0.000000000000000000e+00,0.000000000000000000e+00,0.000000000000000000e+00,0.000000000000000000e+00,0.000000000000000000e+00,0.000000000000000000e+00,0.000000000000000000e+00,0.000000000000000000e+00,0.000000000000000000e+00,0.000000000000000000e+00,0.000000000000000000e+00,0.000000000000000000e+00,0.000000000000000000e+00,0.000000000000000000e+00,0.000000000000000000e+00,0.000000000000000000e+00,0.000000000000000000e+00,0.000000000000000000e+00,0.000000000000000000e+00,0.000000000000000000e+00,0.000000000000000000e+00,0.000000000000000000e+00,0.000000000000000000e+00,0.000000000000000000e+00,0.000000000000000000e+00,0.000000000000000000e+00,1.000000000000000000e+00,0.000000000000000000e+00,0.000000000000000000e+00,0.000000000000000000e+00,0.000000000000000000e+00,0.000000000000000000e+00,0.000000000000000000e+00,0.000000000000000000e+00,0.000000000000000000e+00,0.000000000000000000e+00,0.000000000000000000e+00,0.000000000000000000e+00,0.000000000000000000e+00,0.000000000000000000e+00,0.000000000000000000e+00,0.000000000000000000e+00,0.000000000000000000e+00,0.000000000000000000e+00,0.000000000000000000e+00,0.000000000000000000e+00,0.000000000000000000e+00,0.000000000000000000e+00,0.000000000000000000e+00,0.000000000000000000e+00,0.000000000000000000e+00,0.000000000000000000e+00,0.000000000000000000e+00,0.000000000000000000e+00,0.000000000000000000e+00,0.000000000000000000e+00,0.000000000000000000e+00,0.000000000000000000e+00,0.000000000000000000e+00,0.000000000000000000e+00,0.000000000000000000e+00,0.000000000000000000e+00,0.000000000000000000e+00,0.000000000000000000e+00,0.000000000000000000e+00,0.000000000000000000e+00,0.000000000000000000e+00,0.000000000000000000e+00,0.000000000000000000e+00,0.000000000000000000e+00,0.000000000000000000e+00,0.000000000000000000e+00,0.000000000000000000e+00,0.000000000000000000e+00,0.000000000000000000e+00,0.000000000000000000e+00,0.000000000000000000e+00,0.000000000000000000e+00,0.000000000000000000e+00,0.000000000000000000e+00,0.000000000000000000e+00,0.000000000000000000e+00,0.000000000000000000e+00,0.000000000000000000e+00,0.000000000000000000e+00,0.000000000000000000e+00,0.000000000000000000e+00,0.000000000000000000e+00,0.000000000000000000e+00,0.000000000000000000e+00,0.000000000000000000e+00,0.000000000000000000e+00,0.000000000000000000e+00,0.000000000000000000e+00,0.000000000000000000e+00,0.000000000000000000e+00,0.000000000000000000e+00,0.000000000000000000e+00,0.000000000000000000e+00,0.000000000000000000e+00,0.000000000000000000e+00,0.000000000000000000e+00,0.000000000000000000e+00,0.000000000000000000e+00,0.000000000000000000e+00,0.000000000000000000e+00,0.000000000000000000e+00,0.000000000000000000e+00,0.000000000000000000e+00,0.000000000000000000e+00,0.000000000000000000e+00,0.000000000000000000e+00,0.000000000000000000e+00,0.000000000000000000e+00,0.000000000000000000e+00,0.000000000000000000e+00,0.000000000000000000e+00,0.000000000000000000e+00,0.000000000000000000e+00,0.000000000000000000e+00,0.000000000000000000e+00,0.000000000000000000e+00,0.000000000000000000e+00,0.000000000000000000e+00,0.000000000000000000e+00,0.000000000000000000e+00,0.000000000000000000e+00,0.000000000000000000e+00,0.000000000000000000e+00,0.000000000000000000e+00,0.000000000000000000e+00,0.000000000000000000e+00,0.000000000000000000e+00,0.000000000000000000e+00,0.000000000000000000e+00,0.000000000000000000e+00,0.000000000000000000e+00,0.000000000000000000e+00,0.000000000000000000e+00,0.000000000000000000e+00,0.000000000000000000e+00,0.000000000000000000e+00,0.000000000000000000e+00,0.000000000000000000e+00,0.000000000000000000e+00,0.000000000000000000e+00,0.000000000000000000e+00,0.000000000000000000e+00,0.000000000000000000e+00,0.000000000000000000e+00,0.000000000000000000e+00,0.000000000000000000e+00,0.000000000000000000e+00,0.000000000000000000e+00,0.000000000000000000e+00,0.000000000000000000e+00,0.000000000000000000e+00,0.000000000000000000e+00,0.000000000000000000e+00,0.000000000000000000e+00,0.000000000000000000e+00,0.000000000000000000e+00,0.000000000000000000e+00,0.000000000000000000e+00,0.000000000000000000e+00,0.000000000000000000e+00,0.000000000000000000e+00,0.000000000000000000e+00,0.000000000000000000e+00,0.000000000000000000e+00,0.000000000000000000e+00,0.000000000000000000e+00,0.000000000000000000e+00,0.000000000000000000e+00,0.000000000000000000e+00,0.000000000000000000e+00,0.000000000000000000e+00,0.000000000000000000e+00,0.000000000000000000e+00,0.000000000000000000e+00,0.000000000000000000e+00,0.000000000000000000e+00,0.000000000000000000e+00,0.000000000000000000e+00,0.000000000000000000e+00,0.000000000000000000e+00,0.000000000000000000e+00,0.000000000000000000e+00,0.000000000000000000e+00,0.000000000000000000e+00,0.000000000000000000e+00,0.000000000000000000e+00,0.000000000000000000e+00,0.000000000000000000e+00,0.000000000000000000e+00,0.000000000000000000e+00,0.000000000000000000e+00,0.000000000000000000e+00,0.000000000000000000e+00,0.000000000000000000e+00,0.000000000000000000e+00,0.000000000000000000e+00,0.000000000000000000e+00,1.000000000000000000e+00,0.000000000000000000e+00,0.000000000000000000e+00,0.000000000000000000e+00,0.000000000000000000e+00,0.000000000000000000e+00,0.000000000000000000e+00,0.000000000000000000e+00,0.000000000000000000e+00,0.000000000000000000e+00,0.000000000000000000e+00,0.000000000000000000e+00,0.000000000000000000e+00,0.000000000000000000e+00,0.000000000000000000e+00,0.000000000000000000e+00,0.000000000000000000e+00,0.000000000000000000e+00,0.000000000000000000e+00,0.000000000000000000e+00,0.000000000000000000e+00,0.000000000000000000e+00,0.000000000000000000e+00,0.000000000000000000e+00,0.000000000000000000e+00,0.000000000000000000e+00,0.000000000000000000e+00,0.000000000000000000e+00,0.000000000000000000e+00,0.000000000000000000e+00,0.000000000000000000e+00,0.000000000000000000e+00,0.000000000000000000e+00,0.000000000000000000e+00,0.000000000000000000e+00,0.000000000000000000e+00,0.000000000000000000e+00,0.000000000000000000e+00,0.000000000000000000e+00,0.000000000000000000e+00,0.000000000000000000e+00,0.000000000000000000e+00,0.000000000000000000e+00,0.000000000000000000e+00,0.000000000000000000e+00,0.000000000000000000e+00,0.000000000000000000e+00,0.000000000000000000e+00,0.000000000000000000e+00,0.000000000000000000e+00,0.000000000000000000e+00,0.000000000000000000e+00,0.000000000000000000e+00,0.000000000000000000e+00,0.000000000000000000e+00,0.000000000000000000e+00,0.000000000000000000e+00,0.000000000000000000e+00,0.000000000000000000e+00,0.000000000000000000e+00,0.000000000000000000e+00,0.000000000000000000e+00,0.000000000000000000e+00,1.000000000000000000e+00,0.000000000000000000e+00,0.000000000000000000e+00,0.000000000000000000e+00,0.000000000000000000e+00,0.000000000000000000e+00,0.000000000000000000e+00,0.000000000000000000e+00,0.000000000000000000e+00,0.000000000000000000e+00,0.000000000000000000e+00,0.000000000000000000e+00,0.000000000000000000e+00,0.000000000000000000e+00,0.000000000000000000e+00,0.000000000000000000e+00,0.000000000000000000e+00,0.000000000000000000e+00,0.000000000000000000e+00,0.000000000000000000e+00,0.000000000000000000e+00,0.000000000000000000e+00,0.000000000000000000e+00,0.000000000000000000e+00,0.000000000000000000e+00,0.000000000000000000e+00,0.000000000000000000e+00,0.000000000000000000e+00,0.000000000000000000e+00,0.000000000000000000e+00,0.000000000000000000e+00,0.000000000000000000e+00,0.000000000000000000e+00,0.000000000000000000e+00,0.000000000000000000e+00,0.000000000000000000e+00,0.000000000000000000e+00,0.000000000000000000e+00,0.000000000000000000e+00,0.000000000000000000e+00,0.000000000000000000e+00,0.000000000000000000e+00,0.000000000000000000e+00,0.000000000000000000e+00,0.000000000000000000e+00,0.000000000000000000e+00,0.000000000000000000e+00,0.000000000000000000e+00,0.000000000000000000e+00,0.000000000000000000e+00,0.000000000000000000e+00,0.000000000000000000e+00,0.000000000000000000e+00,0.000000000000000000e+00,0.000000000000000000e+00,0.000000000000000000e+00,0.000000000000000000e+00,0.000000000000000000e+00,0.000000000000000000e+00,0.000000000000000000e+00,0.000000000000000000e+00,0.000000000000000000e+00,0.000000000000000000e+00,0.000000000000000000e+00,0.000000000000000000e+00,0.000000000000000000e+00,0.000000000000000000e+00,0.000000000000000000e+00,0.000000000000000000e+00,0.000000000000000000e+00,0.000000000000000000e+00,0.000000000000000000e+00,0.000000000000000000e+00,0.000000000000000000e+00,0.000000000000000000e+00,0.000000000000000000e+00,0.000000000000000000e+00,0.000000000000000000e+00,0.000000000000000000e+00,0.000000000000000000e+00,0.000000000000000000e+00,0.000000000000000000e+00,0.000000000000000000e+00,0.000000000000000000e+00,0.000000000000000000e+00,0.000000000000000000e+00,0.000000000000000000e+00,0.000000000000000000e+00,0.000000000000000000e+00,0.000000000000000000e+00,1.000000000000000000e+00,0.000000000000000000e+00,0.000000000000000000e+00,0.000000000000000000e+00,0.000000000000000000e+00,0.000000000000000000e+00,0.000000000000000000e+00,0.000000000000000000e+00,0.000000000000000000e+00,0.000000000000000000e+00,0.000000000000000000e+00,0.000000000000000000e+00,0.000000000000000000e+00,0.000000000000000000e+00,0.000000000000000000e+00,0.000000000000000000e+00,0.000000000000000000e+00,0.000000000000000000e+00,0.000000000000000000e+00,0.000000000000000000e+00,0.000000000000000000e+00,0.000000000000000000e+00,0.000000000000000000e+00,0.000000000000000000e+00,0.000000000000000000e+00,0.000000000000000000e+00,0.000000000000000000e+00,0.000000000000000000e+00,0.000000000000000000e+00,0.000000000000000000e+00,0.000000000000000000e+00,0.000000000000000000e+00,0.000000000000000000e+00,0.000000000000000000e+00,0.000000000000000000e+00,0.000000000000000000e+00,0.000000000000000000e+00,0.000000000000000000e+00,0.000000000000000000e+00,0.000000000000000000e+00,0.000000000000000000e+00,0.000000000000000000e+00,0.000000000000000000e+00,0.000000000000000000e+00,0.000000000000000000e+00,0.000000000000000000e+00,0.000000000000000000e+00,0.000000000000000000e+00,0.000000000000000000e+00,0.000000000000000000e+00,0.000000000000000000e+00,0.000000000000000000e+00,0.000000000000000000e+00,0.000000000000000000e+00,0.000000000000000000e+00,0.000000000000000000e+00,0.000000000000000000e+00,0.000000000000000000e+00,0.000000000000000000e+00,0.000000000000000000e+00,0.000000000000000000e+00,0.000000000000000000e+00,0.000000000000000000e+00,0.000000000000000000e+00,0.000000000000000000e+00,0.000000000000000000e+00,0.000000000000000000e+00,0.000000000000000000e+00,0.000000000000000000e+00,0.000000000000000000e+00,0.000000000000000000e+00,0.000000000000000000e+00,0.000000000000000000e+00,0.000000000000000000e+00,0.000000000000000000e+00,0.000000000000000000e+00,0.000000000000000000e+00,0.000000000000000000e+00,0.000000000000000000e+00,0.000000000000000000e+00,0.000000000000000000e+00,0.000000000000000000e+00,0.000000000000000000e+00,0.000000000000000000e+00,0.000000000000000000e+00,0.000000000000000000e+00,0.000000000000000000e+00,0.000000000000000000e+00,0.000000000000000000e+00,0.000000000000000000e+00,0.000000000000000000e+00,0.000000000000000000e+00,0.000000000000000000e+00,0.000000000000000000e+00,0.000000000000000000e+00,0.000000000000000000e+00,0.000000000000000000e+00,0.000000000000000000e+00,0.000000000000000000e+00,0.000000000000000000e+00,0.000000000000000000e+00,0.000000000000000000e+00,0.000000000000000000e+00,0.000000000000000000e+00,0.000000000000000000e+00,0.000000000000000000e+00,0.000000000000000000e+00,0.000000000000000000e+00,0.000000000000000000e+00,0.000000000000000000e+00,0.000000000000000000e+00,0.000000000000000000e+00,0.000000000000000000e+00,0.000000000000000000e+00,0.000000000000000000e+00,0.000000000000000000e+00,0.000000000000000000e+00,0.000000000000000000e+00,0.000000000000000000e+00,0.000000000000000000e+00,0.000000000000000000e+00,0.000000000000000000e+00,0.000000000000000000e+00,0.000000000000000000e+00,0.000000000000000000e+00,0.000000000000000000e+00,0.000000000000000000e+00,0.000000000000000000e+00,0.000000000000000000e+00,0.000000000000000000e+00,0.000000000000000000e+00,0.000000000000000000e+00,0.000000000000000000e+00,0.000000000000000000e+00,0.000000000000000000e+00,0.000000000000000000e+00,0.000000000000000000e+00,0.000000000000000000e+00,0.000000000000000000e+00,0.000000000000000000e+00,0.000000000000000000e+00,0.000000000000000000e+00,0.000000000000000000e+00,0.000000000000000000e+00,0.000000000000000000e+00,0.000000000000000000e+00,0.000000000000000000e+00,0.000000000000000000e+00,0.000000000000000000e+00,0.000000000000000000e+00,0.000000000000000000e+00,0.000000000000000000e+00,0.000000000000000000e+00,0.000000000000000000e+00,0.000000000000000000e+00,0.000000000000000000e+00,0.000000000000000000e+00,0.000000000000000000e+00,0.000000000000000000e+00,0.000000000000000000e+00,0.000000000000000000e+00,0.000000000000000000e+00,0.000000000000000000e+00,0.000000000000000000e+00,0.000000000000000000e+00,0.000000000000000000e+00,0.000000000000000000e+00,0.000000000000000000e+00,0.000000000000000000e+00,0.000000000000000000e+00,0.000000000000000000e+00,0.000000000000000000e+00,0.000000000000000000e+00,0.000000000000000000e+00,0.000000000000000000e+00,0.000000000000000000e+00,0.000000000000000000e+00,0.000000000000000000e+00,0.000000000000000000e+00,0.000000000000000000e+00,0.000000000000000000e+00,0.000000000000000000e+00,0.000000000000000000e+00,0.000000000000000000e+00,0.000000000000000000e+00,0.000000000000000000e+00,0.000000000000000000e+00,0.000000000000000000e+00,0.000000000000000000e+00,0.000000000000000000e+00,0.000000000000000000e+00,0.000000000000000000e+00,0.000000000000000000e+00,0.000000000000000000e+00,0.000000000000000000e+00,0.000000000000000000e+00,0.000000000000000000e+00,0.000000000000000000e+00,0.000000000000000000e+00,0.000000000000000000e+00,0.000000000000000000e+00,0.000000000000000000e+00,0.000000000000000000e+00,0.000000000000000000e+00,0.000000000000000000e+00,0.000000000000000000e+00,0.000000000000000000e+00,0.000000000000000000e+00,0.000000000000000000e+00,0.000000000000000000e+00,0.000000000000000000e+00,0.000000000000000000e+00,0.000000000000000000e+00,0.000000000000000000e+00,0.000000000000000000e+00,0.000000000000000000e+00,0.000000000000000000e+00,0.000000000000000000e+00,0.000000000000000000e+00,0.000000000000000000e+00,0.000000000000000000e+00,0.000000000000000000e+00,0.000000000000000000e+00,0.000000000000000000e+00,0.000000000000000000e+00,0.000000000000000000e+00,0.000000000000000000e+00,0.000000000000000000e+00,0.000000000000000000e+00,0.000000000000000000e+00,0.000000000000000000e+00,0.000000000000000000e+00,0.000000000000000000e+00,0.000000000000000000e+00,0.000000000000000000e+00,0.000000000000000000e+00,0.000000000000000000e+00,0.000000000000000000e+00,0.000000000000000000e+00,1.000000000000000000e+00,0.000000000000000000e+00,0.000000000000000000e+00,0.000000000000000000e+00,0.000000000000000000e+00,0.000000000000000000e+00,0.000000000000000000e+00,0.000000000000000000e+00,0.000000000000000000e+00,0.000000000000000000e+00,0.000000000000000000e+00,0.000000000000000000e+00,0.000000000000000000e+00,0.000000000000000000e+00,0.000000000000000000e+00,0.000000000000000000e+00,0.000000000000000000e+00,0.000000000000000000e+00,0.000000000000000000e+00,0.000000000000000000e+00,0.000000000000000000e+00,0.000000000000000000e+00,0.000000000000000000e+00,0.000000000000000000e+00,0.000000000000000000e+00,0.000000000000000000e+00,0.000000000000000000e+00,0.000000000000000000e+00,0.000000000000000000e+00,0.000000000000000000e+00,0.000000000000000000e+00,0.000000000000000000e+00,0.000000000000000000e+00,0.000000000000000000e+00,0.000000000000000000e+00,0.000000000000000000e+00,0.000000000000000000e+00,0.000000000000000000e+00,0.000000000000000000e+00,0.000000000000000000e+00,0.000000000000000000e+00,0.000000000000000000e+00,0.000000000000000000e+00,0.000000000000000000e+00,0.000000000000000000e+00,0.000000000000000000e+00,0.000000000000000000e+00,0.000000000000000000e+00,0.000000000000000000e+00,0.000000000000000000e+00,0.000000000000000000e+00,0.000000000000000000e+00,0.000000000000000000e+00,0.000000000000000000e+00,0.000000000000000000e+00,0.000000000000000000e+00,0.000000000000000000e+00,0.000000000000000000e+00,0.000000000000000000e+00,0.000000000000000000e+00,0.000000000000000000e+00,0.000000000000000000e+00,0.000000000000000000e+00,0.000000000000000000e+00,0.000000000000000000e+00,0.000000000000000000e+00,0.000000000000000000e+00,0.000000000000000000e+00,0.000000000000000000e+00,0.000000000000000000e+00,0.000000000000000000e+00,0.000000000000000000e+00,0.000000000000000000e+00,0.000000000000000000e+00,0.000000000000000000e+00,0.000000000000000000e+00,0.000000000000000000e+00,0.000000000000000000e+00,0.000000000000000000e+00,0.000000000000000000e+00,0.000000000000000000e+00,0.000000000000000000e+00,0.000000000000000000e+00,0.000000000000000000e+00,0.000000000000000000e+00,0.000000000000000000e+00,0.000000000000000000e+00,0.000000000000000000e+00,0.000000000000000000e+00,0.000000000000000000e+00,0.000000000000000000e+00,0.000000000000000000e+00,0.000000000000000000e+00,0.000000000000000000e+00,0.000000000000000000e+00,0.000000000000000000e+00,0.000000000000000000e+00,0.000000000000000000e+00,0.000000000000000000e+00,0.000000000000000000e+00,0.000000000000000000e+00,0.000000000000000000e+00,0.000000000000000000e+00,0.000000000000000000e+00,0.000000000000000000e+00,0.000000000000000000e+00,0.000000000000000000e+00,0.000000000000000000e+00,0.000000000000000000e+00,0.000000000000000000e+00,0.000000000000000000e+00,0.000000000000000000e+00,0.000000000000000000e+00,0.000000000000000000e+00,0.000000000000000000e+00,0.000000000000000000e+00,0.000000000000000000e+00,0.000000000000000000e+00,0.000000000000000000e+00,0.000000000000000000e+00,0.000000000000000000e+00,0.000000000000000000e+00,0.000000000000000000e+00,0.000000000000000000e+00,0.000000000000000000e+00,0.000000000000000000e+00,0.000000000000000000e+00,0.000000000000000000e+00,0.000000000000000000e+00,0.000000000000000000e+00,0.000000000000000000e+00,0.000000000000000000e+00,0.000000000000000000e+00,0.000000000000000000e+00,0.000000000000000000e+00,0.000000000000000000e+00,0.000000000000000000e+00,0.000000000000000000e+00,1.000000000000000000e+00,0.000000000000000000e+00,0.000000000000000000e+00,0.000000000000000000e+00,0.000000000000000000e+00,0.000000000000000000e+00,0.000000000000000000e+00,0.000000000000000000e+00,0.000000000000000000e+00,0.000000000000000000e+00,0.000000000000000000e+00,0.000000000000000000e+00,0.000000000000000000e+00,0.000000000000000000e+00,0.000000000000000000e+00,0.000000000000000000e+00,0.000000000000000000e+00,0.000000000000000000e+00,0.000000000000000000e+00,0.000000000000000000e+00,0.000000000000000000e+00,0.000000000000000000e+00,0.000000000000000000e+00,0.000000000000000000e+00,0.000000000000000000e+00,0.000000000000000000e+00,0.000000000000000000e+00,0.000000000000000000e+00,0.000000000000000000e+00,0.000000000000000000e+00,0.000000000000000000e+00,0.000000000000000000e+00,0.000000000000000000e+00,0.000000000000000000e+00,0.000000000000000000e+00,0.000000000000000000e+00,0.000000000000000000e+00,0.000000000000000000e+00,0.000000000000000000e+00,0.000000000000000000e+00,0.000000000000000000e+00,0.000000000000000000e+00,0.000000000000000000e+00,0.000000000000000000e+00,0.000000000000000000e+00,0.000000000000000000e+00,0.000000000000000000e+00,0.000000000000000000e+00,0.000000000000000000e+00,0.000000000000000000e+00,0.000000000000000000e+00,0.000000000000000000e+00,0.000000000000000000e+00,0.000000000000000000e+00,0.000000000000000000e+00,0.000000000000000000e+00,0.000000000000000000e+00,0.000000000000000000e+00,0.000000000000000000e+00,0.000000000000000000e+00,0.000000000000000000e+00,0.000000000000000000e+00,0.000000000000000000e+00,0.000000000000000000e+00,0.000000000000000000e+00,0.000000000000000000e+00,0.000000000000000000e+00,0.000000000000000000e+00,0.000000000000000000e+00,0.000000000000000000e+00,0.000000000000000000e+00,0.000000000000000000e+00,0.000000000000000000e+00,0.000000000000000000e+00,0.000000000000000000e+00,0.000000000000000000e+00,0.000000000000000000e+00,0.000000000000000000e+00,0.000000000000000000e+00,0.000000000000000000e+00,0.000000000000000000e+00,0.000000000000000000e+00,0.000000000000000000e+00,0.000000000000000000e+00,0.000000000000000000e+00,0.000000000000000000e+00,0.000000000000000000e+00,0.000000000000000000e+00,0.000000000000000000e+00,0.000000000000000000e+00,0.000000000000000000e+00,0.000000000000000000e+00,0.000000000000000000e+00,0.000000000000000000e+00,0.000000000000000000e+00,0.000000000000000000e+00,0.000000000000000000e+00,0.000000000000000000e+00,0.000000000000000000e+00,0.000000000000000000e+00,0.000000000000000000e+00,0.000000000000000000e+00,0.000000000000000000e+00,0.000000000000000000e+00,0.000000000000000000e+00,0.000000000000000000e+00,0.000000000000000000e+00,0.000000000000000000e+00,0.000000000000000000e+00,0.000000000000000000e+00,0.000000000000000000e+00,0.000000000000000000e+00,0.000000000000000000e+00,0.000000000000000000e+00,0.000000000000000000e+00,0.000000000000000000e+00,0.000000000000000000e+00,0.000000000000000000e+00,0.000000000000000000e+00,0.000000000000000000e+00,0.000000000000000000e+00,0.000000000000000000e+00,0.000000000000000000e+00,0.000000000000000000e+00,0.000000000000000000e+00,0.000000000000000000e+00,0.000000000000000000e+00,0.000000000000000000e+00,0.000000000000000000e+00,0.000000000000000000e+00,0.000000000000000000e+00,0.000000000000000000e+00,0.000000000000000000e+00,0.000000000000000000e+00,0.000000000000000000e+00,0.000000000000000000e+00,0.000000000000000000e+00,0.000000000000000000e+00,0.000000000000000000e+00,0.000000000000000000e+00,0.000000000000000000e+00,0.000000000000000000e+00,0.000000000000000000e+00,0.000000000000000000e+00,0.000000000000000000e+00,0.000000000000000000e+00,0.000000000000000000e+00,0.000000000000000000e+00,0.000000000000000000e+00,0.000000000000000000e+00,0.000000000000000000e+00,0.000000000000000000e+00,0.000000000000000000e+00,0.000000000000000000e+00,0.000000000000000000e+00,0.000000000000000000e+00,0.000000000000000000e+00,0.000000000000000000e+00,0.000000000000000000e+00,0.000000000000000000e+00,0.000000000000000000e+00,0.000000000000000000e+00,0.000000000000000000e+00,0.000000000000000000e+00,0.000000000000000000e+00,0.000000000000000000e+00,0.000000000000000000e+00,0.000000000000000000e+00,0.000000000000000000e+00,0.000000000000000000e+00,0.000000000000000000e+00,0.000000000000000000e+00,0.000000000000000000e+00,0.000000000000000000e+00,0.000000000000000000e+00,0.000000000000000000e+00,0.000000000000000000e+00,0.000000000000000000e+00,0.000000000000000000e+00,0.000000000000000000e+00,0.000000000000000000e+00,0.000000000000000000e+00,0.000000000000000000e+00,0.000000000000000000e+00,0.000000000000000000e+00,0.000000000000000000e+00,0.000000000000000000e+00,0.000000000000000000e+00,0.000000000000000000e+00,0.000000000000000000e+00,0.000000000000000000e+00,0.000000000000000000e+00,0.000000000000000000e+00,0.000000000000000000e+00,0.000000000000000000e+00,0.000000000000000000e+00,0.000000000000000000e+00,0.000000000000000000e+00,0.000000000000000000e+00,0.000000000000000000e+00,0.000000000000000000e+00,0.000000000000000000e+00,0.000000000000000000e+00,0.000000000000000000e+00,0.000000000000000000e+00,0.000000000000000000e+00,0.000000000000000000e+00,0.000000000000000000e+00,0.000000000000000000e+00,0.000000000000000000e+00,0.000000000000000000e+00,0.000000000000000000e+00,0.000000000000000000e+00,0.000000000000000000e+00,0.000000000000000000e+00,0.000000000000000000e+00,0.000000000000000000e+00,0.000000000000000000e+00,0.000000000000000000e+00,0.000000000000000000e+00,0.000000000000000000e+00,0.000000000000000000e+00,0.000000000000000000e+00,0.000000000000000000e+00,0.000000000000000000e+00,0.000000000000000000e+00,0.000000000000000000e+00,0.000000000000000000e+00,0.000000000000000000e+00,0.000000000000000000e+00,0.000000000000000000e+00,0.000000000000000000e+00,0.000000000000000000e+00,0.000000000000000000e+00,0.000000000000000000e+00,0.000000000000000000e+00,0.000000000000000000e+00,0.000000000000000000e+00,0.000000000000000000e+00,0.000000000000000000e+00,0.000000000000000000e+00,0.000000000000000000e+00,0.000000000000000000e+00,0.000000000000000000e+00,0.000000000000000000e+00,0.000000000000000000e+00,0.000000000000000000e+00,0.000000000000000000e+00,0.000000000000000000e+00,0.000000000000000000e+00,0.000000000000000000e+00,0.000000000000000000e+00,0.000000000000000000e+00,0.000000000000000000e+00,0.000000000000000000e+00,0.000000000000000000e+00,0.000000000000000000e+00,0.000000000000000000e+00,0.000000000000000000e+00,0.000000000000000000e+00,0.000000000000000000e+00,0.000000000000000000e+00,0.000000000000000000e+00,0.000000000000000000e+00,0.000000000000000000e+00,0.000000000000000000e+00,0.000000000000000000e+00,0.000000000000000000e+00,0.000000000000000000e+00,0.000000000000000000e+00,0.000000000000000000e+00,0.000000000000000000e+00,0.000000000000000000e+00,0.000000000000000000e+00,0.000000000000000000e+00,0.000000000000000000e+00,0.000000000000000000e+00,0.000000000000000000e+00,0.000000000000000000e+00,0.000000000000000000e+00,0.000000000000000000e+00,0.000000000000000000e+00,0.000000000000000000e+00,0.000000000000000000e+00,0.000000000000000000e+00,0.000000000000000000e+00,0.000000000000000000e+00,0.000000000000000000e+00,0.000000000000000000e+00,0.000000000000000000e+00,0.000000000000000000e+00,0.000000000000000000e+00,0.000000000000000000e+00,0.000000000000000000e+00,0.000000000000000000e+00,0.000000000000000000e+00,0.000000000000000000e+00,0.000000000000000000e+00,0.000000000000000000e+00,0.000000000000000000e+00,0.000000000000000000e+00,0.000000000000000000e+00,0.000000000000000000e+00,0.000000000000000000e+00,0.000000000000000000e+00,0.000000000000000000e+00,0.000000000000000000e+00,0.000000000000000000e+00,0.000000000000000000e+00,0.000000000000000000e+00,0.000000000000000000e+00,0.000000000000000000e+00,0.000000000000000000e+00,0.000000000000000000e+00,0.000000000000000000e+00,0.000000000000000000e+00,0.000000000000000000e+00,0.000000000000000000e+00,0.000000000000000000e+00,0.000000000000000000e+00,0.000000000000000000e+00,0.000000000000000000e+00,0.000000000000000000e+00,0.000000000000000000e+00,0.000000000000000000e+00,0.000000000000000000e+00,0.000000000000000000e+00,0.000000000000000000e+00,0.000000000000000000e+00,0.000000000000000000e+00,0.000000000000000000e+00,0.000000000000000000e+00,0.000000000000000000e+00,0.000000000000000000e+00,0.000000000000000000e+00,0.000000000000000000e+00,0.000000000000000000e+00,0.000000000000000000e+00,0.000000000000000000e+00,0.000000000000000000e+00,0.000000000000000000e+00,0.000000000000000000e+00,0.000000000000000000e+00,0.000000000000000000e+00,0.000000000000000000e+00,0.000000000000000000e+00,0.000000000000000000e+00,0.000000000000000000e+00,0.000000000000000000e+00,0.000000000000000000e+00,0.000000000000000000e+00,0.000000000000000000e+00,0.000000000000000000e+00,0.000000000000000000e+00,0.000000000000000000e+00,0.000000000000000000e+00,0.000000000000000000e+00,0.000000000000000000e+00,0.000000000000000000e+00,0.000000000000000000e+00,0.000000000000000000e+00,0.000000000000000000e+00,0.000000000000000000e+00,0.000000000000000000e+00,0.000000000000000000e+00,0.000000000000000000e+00,0.000000000000000000e+00,0.000000000000000000e+00,0.000000000000000000e+00,0.000000000000000000e+00,0.000000000000000000e+00,0.000000000000000000e+00,0.000000000000000000e+00,0.000000000000000000e+00,0.000000000000000000e+00,0.000000000000000000e+00,0.000000000000000000e+00,0.000000000000000000e+00,0.000000000000000000e+00,0.000000000000000000e+00,0.000000000000000000e+00,0.000000000000000000e+00,0.000000000000000000e+00,0.000000000000000000e+00,0.000000000000000000e+00,0.000000000000000000e+00,0.000000000000000000e+00,0.000000000000000000e+00,0.000000000000000000e+00,0.000000000000000000e+00,0.000000000000000000e+00,0.000000000000000000e+00,0.000000000000000000e+00,0.000000000000000000e+00,0.000000000000000000e+00,0.000000000000000000e+00,0.000000000000000000e+00,0.000000000000000000e+00,0.000000000000000000e+00,0.000000000000000000e+00,0.000000000000000000e+00,0.000000000000000000e+00,0.000000000000000000e+00,0.000000000000000000e+00,0.000000000000000000e+00,0.000000000000000000e+00,0.000000000000000000e+00,0.000000000000000000e+00,0.000000000000000000e+00,0.000000000000000000e+00,0.000000000000000000e+00,0.000000000000000000e+00,0.000000000000000000e+00,0.000000000000000000e+00,0.000000000000000000e+00,0.000000000000000000e+00,0.000000000000000000e+00,0.000000000000000000e+00,0.000000000000000000e+00,0.000000000000000000e+00,0.000000000000000000e+00,0.000000000000000000e+00,0.000000000000000000e+00,0.000000000000000000e+00,0.000000000000000000e+00,0.000000000000000000e+00,0.000000000000000000e+00,0.000000000000000000e+00,0.000000000000000000e+00,0.000000000000000000e+00,0.000000000000000000e+00,0.000000000000000000e+00,0.000000000000000000e+00,0.000000000000000000e+00,0.000000000000000000e+00,0.000000000000000000e+00,0.000000000000000000e+00,0.000000000000000000e+00,0.000000000000000000e+00,0.000000000000000000e+00,0.000000000000000000e+00,0.000000000000000000e+00,0.000000000000000000e+00,0.000000000000000000e+00,0.000000000000000000e+00,0.000000000000000000e+00,0.000000000000000000e+00,0.000000000000000000e+00,0.000000000000000000e+00,0.000000000000000000e+00,0.000000000000000000e+00,0.000000000000000000e+00,0.000000000000000000e+00,0.000000000000000000e+00,0.000000000000000000e+00,0.000000000000000000e+00,0.000000000000000000e+00,0.000000000000000000e+00,0.000000000000000000e+00,0.000000000000000000e+00,0.000000000000000000e+00,0.000000000000000000e+00,0.000000000000000000e+00,0.000000000000000000e+00,0.000000000000000000e+00,0.000000000000000000e+00,0.000000000000000000e+00,0.000000000000000000e+00,0.000000000000000000e+00,0.000000000000000000e+00,0.000000000000000000e+00,0.000000000000000000e+00,0.000000000000000000e+00,0.000000000000000000e+00,0.000000000000000000e+00,0.000000000000000000e+00,0.000000000000000000e+00,0.000000000000000000e+00,0.000000000000000000e+00,0.000000000000000000e+00,0.000000000000000000e+00,0.000000000000000000e+00,0.000000000000000000e+00,0.000000000000000000e+00,0.000000000000000000e+00,0.000000000000000000e+00,0.000000000000000000e+00,0.000000000000000000e+00,0.000000000000000000e+00,0.000000000000000000e+00,0.000000000000000000e+00,0.000000000000000000e+00,0.000000000000000000e+00,0.000000000000000000e+00,0.000000000000000000e+00,0.000000000000000000e+00,0.000000000000000000e+00,0.000000000000000000e+00,0.000000000000000000e+00,0.000000000000000000e+00,0.000000000000000000e+00,0.000000000000000000e+00,0.000000000000000000e+00,0.000000000000000000e+00,0.000000000000000000e+00,0.000000000000000000e+00,0.000000000000000000e+00,0.000000000000000000e+00,0.000000000000000000e+00,0.000000000000000000e+00,0.000000000000000000e+00,0.000000000000000000e+00,0.000000000000000000e+00,0.000000000000000000e+00,0.000000000000000000e+00,0.000000000000000000e+00,0.000000000000000000e+00,0.000000000000000000e+00,0.000000000000000000e+00,0.000000000000000000e+00,0.000000000000000000e+00,0.000000000000000000e+00,0.000000000000000000e+00,0.000000000000000000e+00,0.000000000000000000e+00,0.000000000000000000e+00,0.000000000000000000e+00,0.000000000000000000e+00,0.000000000000000000e+00,0.000000000000000000e+00,0.000000000000000000e+00,0.000000000000000000e+00,0.000000000000000000e+00,0.000000000000000000e+00,0.000000000000000000e+00,0.000000000000000000e+00,0.000000000000000000e+00,0.000000000000000000e+00,0.000000000000000000e+00,0.000000000000000000e+00,0.000000000000000000e+00,0.000000000000000000e+00,0.000000000000000000e+00,0.000000000000000000e+00,0.000000000000000000e+00,0.000000000000000000e+00,0.000000000000000000e+00,0.000000000000000000e+00,0.000000000000000000e+00,0.000000000000000000e+00,0.000000000000000000e+00,0.000000000000000000e+00,0.000000000000000000e+00,0.000000000000000000e+00,0.000000000000000000e+00,0.000000000000000000e+00,0.000000000000000000e+00,0.000000000000000000e+00,0.000000000000000000e+00,0.000000000000000000e+00,0.000000000000000000e+00,0.000000000000000000e+00,0.000000000000000000e+00,0.000000000000000000e+00,0.000000000000000000e+00,0.000000000000000000e+00,0.000000000000000000e+00,0.000000000000000000e+00,0.000000000000000000e+00,0.000000000000000000e+00,0.000000000000000000e+00,0.000000000000000000e+00,0.000000000000000000e+00,0.000000000000000000e+00,0.000000000000000000e+00,0.000000000000000000e+00,0.000000000000000000e+00,0.000000000000000000e+00,0.000000000000000000e+00,0.000000000000000000e+00,0.000000000000000000e+00,0.000000000000000000e+00,0.000000000000000000e+00,0.000000000000000000e+00,0.000000000000000000e+00,0.000000000000000000e+00,0.000000000000000000e+00,0.000000000000000000e+00,0.000000000000000000e+00,0.000000000000000000e+00,0.000000000000000000e+00,0.000000000000000000e+00,0.000000000000000000e+00,0.000000000000000000e+00,0.000000000000000000e+00,0.000000000000000000e+00,0.000000000000000000e+00,0.000000000000000000e+00,0.000000000000000000e+00,0.000000000000000000e+00,0.000000000000000000e+00,0.000000000000000000e+00,0.000000000000000000e+00,0.000000000000000000e+00,0.000000000000000000e+00,0.000000000000000000e+00,0.000000000000000000e+00,0.000000000000000000e+00,0.000000000000000000e+00,0.000000000000000000e+00,0.000000000000000000e+00,0.000000000000000000e+00,0.000000000000000000e+00,0.000000000000000000e+00,0.000000000000000000e+00,0.000000000000000000e+00,0.000000000000000000e+00,0.000000000000000000e+00,0.000000000000000000e+00,0.000000000000000000e+00,0.000000000000000000e+00,0.000000000000000000e+00,0.000000000000000000e+00,0.000000000000000000e+00,0.000000000000000000e+00,0.000000000000000000e+00,0.000000000000000000e+00,0.000000000000000000e+00,0.000000000000000000e+00,0.000000000000000000e+00,0.000000000000000000e+00,0.000000000000000000e+00,0.000000000000000000e+00,0.000000000000000000e+00,0.000000000000000000e+00,0.000000000000000000e+00,0.000000000000000000e+00,0.000000000000000000e+00,0.000000000000000000e+00,0.000000000000000000e+00,0.000000000000000000e+00,0.000000000000000000e+00,0.000000000000000000e+00,0.000000000000000000e+00,0.000000000000000000e+00,0.000000000000000000e+00,1.000000000000000000e+00,0.000000000000000000e+00,0.000000000000000000e+00,0.000000000000000000e+00,0.000000000000000000e+00,0.000000000000000000e+00,0.000000000000000000e+00,0.000000000000000000e+00,0.000000000000000000e+00,0.000000000000000000e+00,0.000000000000000000e+00,0.000000000000000000e+00,0.000000000000000000e+00,0.000000000000000000e+00,0.000000000000000000e+00,0.000000000000000000e+00,0.000000000000000000e+00,0.000000000000000000e+00,0.000000000000000000e+00,0.000000000000000000e+00,0.000000000000000000e+00,0.000000000000000000e+00,0.000000000000000000e+00,0.000000000000000000e+00,0.000000000000000000e+00,0.000000000000000000e+00,0.000000000000000000e+00,0.000000000000000000e+00,0.000000000000000000e+00,0.000000000000000000e+00,0.000000000000000000e+00,0.000000000000000000e+00,0.000000000000000000e+00,0.000000000000000000e+00,0.000000000000000000e+00,0.000000000000000000e+00,0.000000000000000000e+00,0.000000000000000000e+00,0.000000000000000000e+00,0.000000000000000000e+00,0.000000000000000000e+00,0.000000000000000000e+00,0.000000000000000000e+00,0.000000000000000000e+00,0.000000000000000000e+00,0.000000000000000000e+00,0.000000000000000000e+00,0.000000000000000000e+00,0.000000000000000000e+00,0.000000000000000000e+00,0.000000000000000000e+00,0.000000000000000000e+00,0.000000000000000000e+00,0.000000000000000000e+00,0.000000000000000000e+00,0.000000000000000000e+00,0.000000000000000000e+00,0.000000000000000000e+00,0.000000000000000000e+00,0.000000000000000000e+00,0.000000000000000000e+00,0.000000000000000000e+00,0.000000000000000000e+00,0.000000000000000000e+00,0.000000000000000000e+00,0.000000000000000000e+00,0.000000000000000000e+00,0.000000000000000000e+00,0.000000000000000000e+00,0.000000000000000000e+00,0.000000000000000000e+00,0.000000000000000000e+00,0.000000000000000000e+00,0.000000000000000000e+00,0.000000000000000000e+00,0.000000000000000000e+00,0.000000000000000000e+00,0.000000000000000000e+00,0.000000000000000000e+00,0.000000000000000000e+00,0.000000000000000000e+00,0.000000000000000000e+00,0.000000000000000000e+00,0.000000000000000000e+00,0.000000000000000000e+00,0.000000000000000000e+00,0.000000000000000000e+00,0.000000000000000000e+00,0.000000000000000000e+00,0.000000000000000000e+00,0.000000000000000000e+00,0.000000000000000000e+00,0.000000000000000000e+00,0.000000000000000000e+00,0.000000000000000000e+00,0.000000000000000000e+00,0.000000000000000000e+00,0.000000000000000000e+00,0.000000000000000000e+00,0.000000000000000000e+00,0.000000000000000000e+00,0.000000000000000000e+00,0.000000000000000000e+00,0.000000000000000000e+00,0.000000000000000000e+00,0.000000000000000000e+00,0.000000000000000000e+00,0.000000000000000000e+00,0.000000000000000000e+00,0.000000000000000000e+00,0.000000000000000000e+00,0.000000000000000000e+00,0.000000000000000000e+00,0.000000000000000000e+00,0.000000000000000000e+00,0.000000000000000000e+00,0.000000000000000000e+00,0.000000000000000000e+00,0.000000000000000000e+00,0.000000000000000000e+00,0.000000000000000000e+00,0.000000000000000000e+00,0.000000000000000000e+00,0.000000000000000000e+00,0.000000000000000000e+00,0.000000000000000000e+00,0.000000000000000000e+00,0.000000000000000000e+00,0.000000000000000000e+00,0.000000000000000000e+00,0.000000000000000000e+00,0.000000000000000000e+00,0.000000000000000000e+00,0.000000000000000000e+00,0.000000000000000000e+00,0.000000000000000000e+00,0.000000000000000000e+00,0.000000000000000000e+00,0.000000000000000000e+00,0.000000000000000000e+00,0.000000000000000000e+00,0.000000000000000000e+00,0.000000000000000000e+00,0.000000000000000000e+00,0.000000000000000000e+00,0.000000000000000000e+00,0.000000000000000000e+00,0.000000000000000000e+00,0.000000000000000000e+00,0.000000000000000000e+00,0.000000000000000000e+00,0.000000000000000000e+00,0.000000000000000000e+00,0.000000000000000000e+00,0.000000000000000000e+00,0.000000000000000000e+00,0.000000000000000000e+00,0.000000000000000000e+00,0.000000000000000000e+00,0.000000000000000000e+00,0.000000000000000000e+00,0.000000000000000000e+00,0.000000000000000000e+00,0.000000000000000000e+00,0.000000000000000000e+00,0.000000000000000000e+00,0.000000000000000000e+00,0.000000000000000000e+00,0.000000000000000000e+00,0.000000000000000000e+00,0.000000000000000000e+00,0.000000000000000000e+00,0.000000000000000000e+00,0.000000000000000000e+00,0.000000000000000000e+00,0.000000000000000000e+00,0.000000000000000000e+00,0.000000000000000000e+00,0.000000000000000000e+00,0.000000000000000000e+00,0.000000000000000000e+00,0.000000000000000000e+00,0.000000000000000000e+00,0.000000000000000000e+00,0.000000000000000000e+00,0.000000000000000000e+00,0.000000000000000000e+00,0.000000000000000000e+00,0.000000000000000000e+00,0.000000000000000000e+00,0.000000000000000000e+00,0.000000000000000000e+00,0.000000000000000000e+00,0.000000000000000000e+00,0.000000000000000000e+00,0.000000000000000000e+00,0.000000000000000000e+00,0.000000000000000000e+00,0.000000000000000000e+00,0.000000000000000000e+00,0.000000000000000000e+00,0.000000000000000000e+00,0.000000000000000000e+00,0.000000000000000000e+00,0.000000000000000000e+00,0.000000000000000000e+00,0.000000000000000000e+00,0.000000000000000000e+00,0.000000000000000000e+00,0.000000000000000000e+00,0.000000000000000000e+00,0.000000000000000000e+00,0.000000000000000000e+00,0.000000000000000000e+00,0.000000000000000000e+00,0.000000000000000000e+00,0.000000000000000000e+00,0.000000000000000000e+00,0.000000000000000000e+00,0.000000000000000000e+00,0.000000000000000000e+00,0.000000000000000000e+00,0.000000000000000000e+00,0.000000000000000000e+00,0.000000000000000000e+00,0.000000000000000000e+00,0.000000000000000000e+00,0.000000000000000000e+00,0.000000000000000000e+00,0.000000000000000000e+00,0.000000000000000000e+00,0.000000000000000000e+00,0.000000000000000000e+00,0.000000000000000000e+00,0.000000000000000000e+00,0.000000000000000000e+00,0.000000000000000000e+00,0.000000000000000000e+00,0.000000000000000000e+00,0.000000000000000000e+00,0.000000000000000000e+00,0.000000000000000000e+00,0.000000000000000000e+00,0.000000000000000000e+00,0.000000000000000000e+00,0.000000000000000000e+00,0.000000000000000000e+00,0.000000000000000000e+00,0.000000000000000000e+00,0.000000000000000000e+00,0.000000000000000000e+00,0.000000000000000000e+00,0.000000000000000000e+00,0.000000000000000000e+00,0.000000000000000000e+00,0.000000000000000000e+00,0.000000000000000000e+00,0.000000000000000000e+00,0.000000000000000000e+00,0.000000000000000000e+00,0.000000000000000000e+00,0.000000000000000000e+00,0.000000000000000000e+00,0.000000000000000000e+00,0.000000000000000000e+00,0.000000000000000000e+00,0.000000000000000000e+00,0.000000000000000000e+00,0.000000000000000000e+00,0.000000000000000000e+00,0.000000000000000000e+00,0.000000000000000000e+00,0.000000000000000000e+00,0.000000000000000000e+00,0.000000000000000000e+00,0.000000000000000000e+00,0.000000000000000000e+00,0.000000000000000000e+00,0.000000000000000000e+00,0.000000000000000000e+00,0.000000000000000000e+00,0.000000000000000000e+00,0.000000000000000000e+00,0.000000000000000000e+00,0.000000000000000000e+00,0.000000000000000000e+00,0.000000000000000000e+00,0.000000000000000000e+00,0.000000000000000000e+00,0.000000000000000000e+00,0.000000000000000000e+00,0.000000000000000000e+00,0.000000000000000000e+00,0.000000000000000000e+00,0.000000000000000000e+00,0.000000000000000000e+00,0.000000000000000000e+00,0.000000000000000000e+00,0.000000000000000000e+00,0.000000000000000000e+00,0.000000000000000000e+00,0.000000000000000000e+00,0.000000000000000000e+00,0.000000000000000000e+00,0.000000000000000000e+00,0.000000000000000000e+00,0.000000000000000000e+00,0.000000000000000000e+00,0.000000000000000000e+00,0.000000000000000000e+00,0.000000000000000000e+00,0.000000000000000000e+00,0.000000000000000000e+00,0.000000000000000000e+00,0.000000000000000000e+00,0.000000000000000000e+00,0.000000000000000000e+00,0.000000000000000000e+00,0.000000000000000000e+00,0.000000000000000000e+00,0.000000000000000000e+00,0.000000000000000000e+00,0.000000000000000000e+00,0.000000000000000000e+00,0.000000000000000000e+00,0.000000000000000000e+00,0.000000000000000000e+00,0.000000000000000000e+00,0.000000000000000000e+00,0.000000000000000000e+00,0.000000000000000000e+00,0.000000000000000000e+00,0.000000000000000000e+00,0.000000000000000000e+00,0.000000000000000000e+00,0.000000000000000000e+00,0.000000000000000000e+00,0.000000000000000000e+00,0.000000000000000000e+00,0.000000000000000000e+00,0.000000000000000000e+00,0.000000000000000000e+00,0.000000000000000000e+00,0.000000000000000000e+00,0.000000000000000000e+00,0.000000000000000000e+00,0.000000000000000000e+00,0.000000000000000000e+00,0.000000000000000000e+00,0.000000000000000000e+00,0.000000000000000000e+00,0.000000000000000000e+00,0.000000000000000000e+00,0.000000000000000000e+00,0.000000000000000000e+00,0.000000000000000000e+00,0.000000000000000000e+00,0.000000000000000000e+00,0.000000000000000000e+00,0.000000000000000000e+00,0.000000000000000000e+00,0.000000000000000000e+00,0.000000000000000000e+00,0.000000000000000000e+00,0.000000000000000000e+00,0.000000000000000000e+00,0.000000000000000000e+00,0.000000000000000000e+00,0.000000000000000000e+00,0.000000000000000000e+00,0.000000000000000000e+00,0.000000000000000000e+00,0.000000000000000000e+00,0.000000000000000000e+00,0.000000000000000000e+00,0.000000000000000000e+00,0.000000000000000000e+00,0.000000000000000000e+00,0.000000000000000000e+00,0.000000000000000000e+00,0.000000000000000000e+00,0.000000000000000000e+00,0.000000000000000000e+00,0.000000000000000000e+00,0.000000000000000000e+00,0.000000000000000000e+00,0.000000000000000000e+00,0.000000000000000000e+00,0.000000000000000000e+00,0.000000000000000000e+00,0.000000000000000000e+00,0.000000000000000000e+00,0.000000000000000000e+00,0.000000000000000000e+00,0.000000000000000000e+00,0.000000000000000000e+00,0.000000000000000000e+00,0.000000000000000000e+00,0.000000000000000000e+00,0.000000000000000000e+00,0.000000000000000000e+00,0.000000000000000000e+00,0.000000000000000000e+00,0.000000000000000000e+00,0.000000000000000000e+00,0.000000000000000000e+00,0.000000000000000000e+00,0.000000000000000000e+00,0.000000000000000000e+00,0.000000000000000000e+00,0.000000000000000000e+00,0.000000000000000000e+00,0.000000000000000000e+00,0.000000000000000000e+00,0.000000000000000000e+00,0.000000000000000000e+00,0.000000000000000000e+00,0.000000000000000000e+00,0.000000000000000000e+00,0.000000000000000000e+00,0.000000000000000000e+00,0.000000000000000000e+00,0.000000000000000000e+00,0.000000000000000000e+00,0.000000000000000000e+00,0.000000000000000000e+00,0.000000000000000000e+00,0.000000000000000000e+00,0.000000000000000000e+00,0.000000000000000000e+00,0.000000000000000000e+00,0.000000000000000000e+00,0.000000000000000000e+00,0.000000000000000000e+00,0.000000000000000000e+00,0.000000000000000000e+00,0.000000000000000000e+00,0.000000000000000000e+00,0.000000000000000000e+00,0.000000000000000000e+00,0.000000000000000000e+00,0.000000000000000000e+00,0.000000000000000000e+00,0.000000000000000000e+00,0.000000000000000000e+00,0.000000000000000000e+00,0.000000000000000000e+00,0.000000000000000000e+00,0.000000000000000000e+00,0.000000000000000000e+00,0.000000000000000000e+00,0.000000000000000000e+00,0.000000000000000000e+00,0.000000000000000000e+00,0.000000000000000000e+00,0.000000000000000000e+00,0.000000000000000000e+00,0.000000000000000000e+00,0.000000000000000000e+00,0.000000000000000000e+00,0.000000000000000000e+00,0.000000000000000000e+00,0.000000000000000000e+00,0.000000000000000000e+00,0.000000000000000000e+00,0.000000000000000000e+00,0.000000000000000000e+00,0.000000000000000000e+00,0.000000000000000000e+00,0.000000000000000000e+00,0.000000000000000000e+00,0.000000000000000000e+00,0.000000000000000000e+00,0.000000000000000000e+00,0.000000000000000000e+00,0.000000000000000000e+00,0.000000000000000000e+00,0.000000000000000000e+00,0.000000000000000000e+00,0.000000000000000000e+00,0.000000000000000000e+00,0.000000000000000000e+00,0.000000000000000000e+00,0.000000000000000000e+00,0.000000000000000000e+00,0.000000000000000000e+00,0.000000000000000000e+00,0.000000000000000000e+00,0.000000000000000000e+00,0.000000000000000000e+00,0.000000000000000000e+00,0.000000000000000000e+00,0.000000000000000000e+00,0.000000000000000000e+00,0.000000000000000000e+00,0.000000000000000000e+00,0.000000000000000000e+00,0.000000000000000000e+00,0.000000000000000000e+00,0.000000000000000000e+00,0.000000000000000000e+00,0.000000000000000000e+00,0.000000000000000000e+00,0.000000000000000000e+00,0.000000000000000000e+00,0.000000000000000000e+00,0.000000000000000000e+00,0.000000000000000000e+00,0.000000000000000000e+00,0.000000000000000000e+00,0.000000000000000000e+00,0.000000000000000000e+00,0.000000000000000000e+00,0.000000000000000000e+00,0.000000000000000000e+00,0.000000000000000000e+00,0.000000000000000000e+00,0.000000000000000000e+00,0.000000000000000000e+00,0.000000000000000000e+00,0.000000000000000000e+00,0.000000000000000000e+00,0.000000000000000000e+00,0.000000000000000000e+00,0.000000000000000000e+00,0.000000000000000000e+00,0.000000000000000000e+00,0.000000000000000000e+00,0.000000000000000000e+00,0.000000000000000000e+00,0.000000000000000000e+00,0.000000000000000000e+00,0.000000000000000000e+00,0.000000000000000000e+00,0.000000000000000000e+00,0.000000000000000000e+00,0.000000000000000000e+00,0.000000000000000000e+00,0.000000000000000000e+00,0.000000000000000000e+00,0.000000000000000000e+00,0.000000000000000000e+00,0.000000000000000000e+00,0.000000000000000000e+00,0.000000000000000000e+00,0.000000000000000000e+00,0.000000000000000000e+00,0.000000000000000000e+00,0.000000000000000000e+00,0.000000000000000000e+00,0.000000000000000000e+00,0.000000000000000000e+00,0.000000000000000000e+00,0.000000000000000000e+00,0.000000000000000000e+00,0.000000000000000000e+00,0.000000000000000000e+00,0.000000000000000000e+00,0.000000000000000000e+00,0.000000000000000000e+00,0.000000000000000000e+00,0.000000000000000000e+00,0.000000000000000000e+00,0.000000000000000000e+00,0.000000000000000000e+00,0.000000000000000000e+00,0.000000000000000000e+00,0.000000000000000000e+00,0.000000000000000000e+00,0.000000000000000000e+00,0.000000000000000000e+00,0.000000000000000000e+00,0.000000000000000000e+00,0.000000000000000000e+00,0.000000000000000000e+00,0.000000000000000000e+00,0.000000000000000000e+00,0.000000000000000000e+00,0.000000000000000000e+00,0.000000000000000000e+00,0.000000000000000000e+00,0.000000000000000000e+00,0.000000000000000000e+00,0.000000000000000000e+00,0.000000000000000000e+00,0.000000000000000000e+00,0.000000000000000000e+00,0.000000000000000000e+00,0.000000000000000000e+00,0.000000000000000000e+00,0.000000000000000000e+00,0.000000000000000000e+00,0.000000000000000000e+00,0.000000000000000000e+00,0.000000000000000000e+00,0.000000000000000000e+00,0.000000000000000000e+00,0.000000000000000000e+00,0.000000000000000000e+00,0.000000000000000000e+00,0.000000000000000000e+00,0.000000000000000000e+00,0.000000000000000000e+00,0.000000000000000000e+00,0.000000000000000000e+00,0.000000000000000000e+00,0.000000000000000000e+00,0.000000000000000000e+00,0.000000000000000000e+00,0.000000000000000000e+00,0.000000000000000000e+00,0.000000000000000000e+00,0.000000000000000000e+00,0.000000000000000000e+00,0.000000000000000000e+00,0.000000000000000000e+00,0.000000000000000000e+00,0.000000000000000000e+00,0.000000000000000000e+00,0.000000000000000000e+00,0.000000000000000000e+00,0.000000000000000000e+00,0.000000000000000000e+00,0.000000000000000000e+00,0.000000000000000000e+00,0.000000000000000000e+00,0.000000000000000000e+00,0.000000000000000000e+00,0.000000000000000000e+00,0.000000000000000000e+00,0.000000000000000000e+00,0.000000000000000000e+00,0.000000000000000000e+00,0.000000000000000000e+00,0.000000000000000000e+00,0.000000000000000000e+00,0.000000000000000000e+00,0.000000000000000000e+00,0.000000000000000000e+00,0.000000000000000000e+00,0.000000000000000000e+00,0.000000000000000000e+00,0.000000000000000000e+00,0.000000000000000000e+00,0.000000000000000000e+00,0.000000000000000000e+00,0.000000000000000000e+00,0.000000000000000000e+00,0.000000000000000000e+00,0.000000000000000000e+00,0.000000000000000000e+00,0.000000000000000000e+00,0.000000000000000000e+00,0.000000000000000000e+00,0.000000000000000000e+00,0.000000000000000000e+00,0.000000000000000000e+00,0.000000000000000000e+00,0.000000000000000000e+00,0.000000000000000000e+00,0.000000000000000000e+00,0.000000000000000000e+00,0.000000000000000000e+00,0.000000000000000000e+00,0.000000000000000000e+00,0.000000000000000000e+00,0.000000000000000000e+00,0.000000000000000000e+00,0.000000000000000000e+00,0.000000000000000000e+00,0.000000000000000000e+00,0.000000000000000000e+00,0.000000000000000000e+00,0.000000000000000000e+00,0.000000000000000000e+00,0.000000000000000000e+00,0.000000000000000000e+00,0.000000000000000000e+00,0.000000000000000000e+00,0.000000000000000000e+00,0.000000000000000000e+00,0.000000000000000000e+00,0.000000000000000000e+00,0.000000000000000000e+00,0.000000000000000000e+00,0.000000000000000000e+00,0.000000000000000000e+00,0.000000000000000000e+00,0.000000000000000000e+00,0.000000000000000000e+00,0.000000000000000000e+00,0.000000000000000000e+00,0.000000000000000000e+00,0.000000000000000000e+00,0.000000000000000000e+00,0.000000000000000000e+00,0.000000000000000000e+00,0.000000000000000000e+00,0.000000000000000000e+00,0.000000000000000000e+00,0.000000000000000000e+00,0.000000000000000000e+00,0.000000000000000000e+00,0.000000000000000000e+00,0.000000000000000000e+00,0.000000000000000000e+00,0.000000000000000000e+00,0.000000000000000000e+00,0.000000000000000000e+00,0.000000000000000000e+00,0.000000000000000000e+00,0.000000000000000000e+00,0.000000000000000000e+00,0.000000000000000000e+00,0.000000000000000000e+00,0.000000000000000000e+00,0.000000000000000000e+00,0.000000000000000000e+00,0.000000000000000000e+00,0.000000000000000000e+00,0.000000000000000000e+00,0.000000000000000000e+00,0.000000000000000000e+00,0.000000000000000000e+00,0.000000000000000000e+00,0.000000000000000000e+00,0.000000000000000000e+00,0.000000000000000000e+00,0.000000000000000000e+00,0.000000000000000000e+00,0.000000000000000000e+00,0.000000000000000000e+00,0.000000000000000000e+00,0.000000000000000000e+00,0.000000000000000000e+00,0.000000000000000000e+00,0.000000000000000000e+00,0.000000000000000000e+00,0.000000000000000000e+00,0.000000000000000000e+00,0.000000000000000000e+00,0.000000000000000000e+00,0.000000000000000000e+00,0.000000000000000000e+00,0.000000000000000000e+00,0.000000000000000000e+00,0.000000000000000000e+00,0.000000000000000000e+00,0.000000000000000000e+00,0.000000000000000000e+00,0.000000000000000000e+00,0.000000000000000000e+00,0.000000000000000000e+00,0.000000000000000000e+00,0.000000000000000000e+00,0.000000000000000000e+00,0.000000000000000000e+00,0.000000000000000000e+00,0.000000000000000000e+00,0.000000000000000000e+00,0.000000000000000000e+00,0.000000000000000000e+00,0.000000000000000000e+00,0.000000000000000000e+00,0.000000000000000000e+00,0.000000000000000000e+00,0.000000000000000000e+00,0.000000000000000000e+00,0.000000000000000000e+00,0.000000000000000000e+00,0.000000000000000000e+00,0.000000000000000000e+00,0.000000000000000000e+00,0.000000000000000000e+00,0.000000000000000000e+00,1.000000000000000000e+00,0.000000000000000000e+00,0.000000000000000000e+00,0.000000000000000000e+00,0.000000000000000000e+00,0.000000000000000000e+00,0.000000000000000000e+00,0.000000000000000000e+00,0.000000000000000000e+00,0.000000000000000000e+00,0.000000000000000000e+00,0.000000000000000000e+00,0.000000000000000000e+00,0.000000000000000000e+00,0.000000000000000000e+00,0.000000000000000000e+00,0.000000000000000000e+00,0.000000000000000000e+00,0.000000000000000000e+00,0.000000000000000000e+00,0.000000000000000000e+00,0.000000000000000000e+00,0.000000000000000000e+00,0.000000000000000000e+00,0.000000000000000000e+00,0.000000000000000000e+00,0.000000000000000000e+00,0.000000000000000000e+00,0.000000000000000000e+00,0.000000000000000000e+00,0.000000000000000000e+00,0.000000000000000000e+00,0.000000000000000000e+00,0.000000000000000000e+00,0.000000000000000000e+00,0.000000000000000000e+00,0.000000000000000000e+00,0.000000000000000000e+00,0.000000000000000000e+00,0.000000000000000000e+00,0.000000000000000000e+00,0.000000000000000000e+00,0.000000000000000000e+00,0.000000000000000000e+00,0.000000000000000000e+00,0.000000000000000000e+00,0.000000000000000000e+00,0.000000000000000000e+00,0.000000000000000000e+00,0.000000000000000000e+00,0.000000000000000000e+00,0.000000000000000000e+00,0.000000000000000000e+00,0.000000000000000000e+00,0.000000000000000000e+00,0.000000000000000000e+00,0.000000000000000000e+00,0.000000000000000000e+00,0.000000000000000000e+00,0.000000000000000000e+00,0.000000000000000000e+00,0.000000000000000000e+00,0.000000000000000000e+00,0.000000000000000000e+00,0.000000000000000000e+00,0.000000000000000000e+00,0.000000000000000000e+00,0.000000000000000000e+00,0.000000000000000000e+00,0.000000000000000000e+00,0.000000000000000000e+00,0.000000000000000000e+00,0.000000000000000000e+00,0.000000000000000000e+00,0.000000000000000000e+00,0.000000000000000000e+00,0.000000000000000000e+00,0.000000000000000000e+00,0.000000000000000000e+00,0.000000000000000000e+00,0.000000000000000000e+00,0.000000000000000000e+00,0.000000000000000000e+00,0.000000000000000000e+00,0.000000000000000000e+00,0.000000000000000000e+00,0.000000000000000000e+00,0.000000000000000000e+00,0.000000000000000000e+00,0.000000000000000000e+00,0.000000000000000000e+00,0.000000000000000000e+00,0.000000000000000000e+00,0.000000000000000000e+00,0.000000000000000000e+00,0.000000000000000000e+00,0.000000000000000000e+00,0.000000000000000000e+00,0.000000000000000000e+00,0.000000000000000000e+00,0.000000000000000000e+00,0.000000000000000000e+00,0.000000000000000000e+00,0.000000000000000000e+00,0.000000000000000000e+00,0.000000000000000000e+00,0.000000000000000000e+00,0.000000000000000000e+00,0.000000000000000000e+00,0.000000000000000000e+00,0.000000000000000000e+00,0.000000000000000000e+00,0.000000000000000000e+00,0.000000000000000000e+00,0.000000000000000000e+00,0.000000000000000000e+00,0.000000000000000000e+00,0.000000000000000000e+00,0.000000000000000000e+00,0.000000000000000000e+00,0.000000000000000000e+00,0.000000000000000000e+00,0.000000000000000000e+00,0.000000000000000000e+00,0.000000000000000000e+00,0.000000000000000000e+00,0.000000000000000000e+00,0.000000000000000000e+00,0.000000000000000000e+00,0.000000000000000000e+00,0.000000000000000000e+00,0.000000000000000000e+00,0.000000000000000000e+00,0.000000000000000000e+00,0.000000000000000000e+00,0.000000000000000000e+00,0.000000000000000000e+00,0.000000000000000000e+00,0.000000000000000000e+00,0.000000000000000000e+00,1.000000000000000000e+00,0.000000000000000000e+00,0.000000000000000000e+00,0.000000000000000000e+00,0.000000000000000000e+00,0.000000000000000000e+00,0.000000000000000000e+00,0.000000000000000000e+00,0.000000000000000000e+00,0.000000000000000000e+00,0.000000000000000000e+00,0.000000000000000000e+00,0.000000000000000000e+00,0.000000000000000000e+00,0.000000000000000000e+00,0.000000000000000000e+00,0.000000000000000000e+00,0.000000000000000000e+00,0.000000000000000000e+00,0.000000000000000000e+00,0.000000000000000000e+00,0.000000000000000000e+00,0.000000000000000000e+00,0.000000000000000000e+00,0.000000000000000000e+00,0.000000000000000000e+00,0.000000000000000000e+00,0.000000000000000000e+00,0.000000000000000000e+00,0.000000000000000000e+00,0.000000000000000000e+00,0.000000000000000000e+00,0.000000000000000000e+00,0.000000000000000000e+00,0.000000000000000000e+00,0.000000000000000000e+00,0.000000000000000000e+00,0.000000000000000000e+00,0.000000000000000000e+00,0.000000000000000000e+00,0.000000000000000000e+00,0.000000000000000000e+00,0.000000000000000000e+00,0.000000000000000000e+00,0.000000000000000000e+00,0.000000000000000000e+00,0.000000000000000000e+00,0.000000000000000000e+00,0.000000000000000000e+00,0.000000000000000000e+00,0.000000000000000000e+00,0.000000000000000000e+00,0.000000000000000000e+00,0.000000000000000000e+00,0.000000000000000000e+00,0.000000000000000000e+00,0.000000000000000000e+00,0.000000000000000000e+00,0.000000000000000000e+00,0.000000000000000000e+00,0.000000000000000000e+00,0.000000000000000000e+00,0.000000000000000000e+00,0.000000000000000000e+00,0.000000000000000000e+00,0.000000000000000000e+00,0.000000000000000000e+00,0.000000000000000000e+00,0.000000000000000000e+00,0.000000000000000000e+00,0.000000000000000000e+00,0.000000000000000000e+00,0.000000000000000000e+00,0.000000000000000000e+00,0.000000000000000000e+00,0.000000000000000000e+00,0.000000000000000000e+00,0.000000000000000000e+00,0.000000000000000000e+00,0.000000000000000000e+00,0.000000000000000000e+00,0.000000000000000000e+00,0.000000000000000000e+00,0.000000000000000000e+00,0.000000000000000000e+00,0.000000000000000000e+00,0.000000000000000000e+00,0.000000000000000000e+00,0.000000000000000000e+00,0.000000000000000000e+00,0.000000000000000000e+00,0.000000000000000000e+00,0.000000000000000000e+00,0.000000000000000000e+00,0.000000000000000000e+00,0.000000000000000000e+00,0.000000000000000000e+00,0.000000000000000000e+00,0.000000000000000000e+00,0.000000000000000000e+00,0.000000000000000000e+00,0.000000000000000000e+00,0.000000000000000000e+00,0.000000000000000000e+00,0.000000000000000000e+00,0.000000000000000000e+00,0.000000000000000000e+00,0.000000000000000000e+00,0.000000000000000000e+00,0.000000000000000000e+00,0.000000000000000000e+00,0.000000000000000000e+00,0.000000000000000000e+00,0.000000000000000000e+00,0.000000000000000000e+00,0.000000000000000000e+00,0.000000000000000000e+00,0.000000000000000000e+00,0.000000000000000000e+00,0.000000000000000000e+00,0.000000000000000000e+00,0.000000000000000000e+00,0.000000000000000000e+00,0.000000000000000000e+00,0.000000000000000000e+00,0.000000000000000000e+00,0.000000000000000000e+00,0.000000000000000000e+00,0.000000000000000000e+00,0.000000000000000000e+00,0.000000000000000000e+00,0.000000000000000000e+00,0.000000000000000000e+00,0.000000000000000000e+00,0.000000000000000000e+00,0.000000000000000000e+00,0.000000000000000000e+00,0.000000000000000000e+00,0.000000000000000000e+00,0.000000000000000000e+00,0.000000000000000000e+00,0.000000000000000000e+00,0.000000000000000000e+00,0.000000000000000000e+00,0.000000000000000000e+00,0.000000000000000000e+00,0.000000000000000000e+00,0.000000000000000000e+00,0.000000000000000000e+00,0.000000000000000000e+00,0.000000000000000000e+00,0.000000000000000000e+00,0.000000000000000000e+00,0.000000000000000000e+00,0.000000000000000000e+00,0.000000000000000000e+00,0.000000000000000000e+00,0.000000000000000000e+00,0.000000000000000000e+00,0.000000000000000000e+00,0.000000000000000000e+00,0.000000000000000000e+00,0.000000000000000000e+00,0.000000000000000000e+00,0.000000000000000000e+00,0.000000000000000000e+00,0.000000000000000000e+00,0.000000000000000000e+00,0.000000000000000000e+00,0.000000000000000000e+00,0.000000000000000000e+00,0.000000000000000000e+00,0.000000000000000000e+00,0.000000000000000000e+00,0.000000000000000000e+00,0.000000000000000000e+00,0.000000000000000000e+00,0.000000000000000000e+00,0.000000000000000000e+00,0.000000000000000000e+00,0.000000000000000000e+00,0.000000000000000000e+00,0.000000000000000000e+00,0.000000000000000000e+00,0.000000000000000000e+00,0.000000000000000000e+00,0.000000000000000000e+00,0.000000000000000000e+00,0.000000000000000000e+00,0.000000000000000000e+00,0.000000000000000000e+00,0.000000000000000000e+00,0.000000000000000000e+00,0.000000000000000000e+00,0.000000000000000000e+00,0.000000000000000000e+00,0.000000000000000000e+00,0.000000000000000000e+00,0.000000000000000000e+00,0.000000000000000000e+00,0.000000000000000000e+00,0.000000000000000000e+00,0.000000000000000000e+00,0.000000000000000000e+00,0.000000000000000000e+00,0.000000000000000000e+00,0.000000000000000000e+00,0.000000000000000000e+00,0.000000000000000000e+00,0.000000000000000000e+00,0.000000000000000000e+00,0.000000000000000000e+00,0.000000000000000000e+00,0.000000000000000000e+00,0.000000000000000000e+00,0.000000000000000000e+00,0.000000000000000000e+00,0.000000000000000000e+00,0.000000000000000000e+00,0.000000000000000000e+00,0.000000000000000000e+00,0.000000000000000000e+00,0.000000000000000000e+00,0.000000000000000000e+00,0.000000000000000000e+00,0.000000000000000000e+00,0.000000000000000000e+00,0.000000000000000000e+00,0.000000000000000000e+00,0.000000000000000000e+00,0.000000000000000000e+00,0.000000000000000000e+00,0.000000000000000000e+00,0.000000000000000000e+00,0.000000000000000000e+00,0.000000000000000000e+00,0.000000000000000000e+00,0.000000000000000000e+00,0.000000000000000000e+00,0.000000000000000000e+00,0.000000000000000000e+00,0.000000000000000000e+00,0.000000000000000000e+00,0.000000000000000000e+00,0.000000000000000000e+00,0.000000000000000000e+00,0.000000000000000000e+00,0.000000000000000000e+00,0.000000000000000000e+00,0.000000000000000000e+00,0.000000000000000000e+00,0.000000000000000000e+00,0.000000000000000000e+00,0.000000000000000000e+00,0.000000000000000000e+00,0.000000000000000000e+00,0.000000000000000000e+00,0.000000000000000000e+00,0.000000000000000000e+00,0.000000000000000000e+00,0.000000000000000000e+00,0.000000000000000000e+00,0.000000000000000000e+00,0.000000000000000000e+00,0.000000000000000000e+00,0.000000000000000000e+00,0.000000000000000000e+00,0.000000000000000000e+00,0.000000000000000000e+00,0.000000000000000000e+00,0.000000000000000000e+00,0.000000000000000000e+00,0.000000000000000000e+00,0.000000000000000000e+00,0.000000000000000000e+00,0.000000000000000000e+00,0.000000000000000000e+00,0.000000000000000000e+00,0.000000000000000000e+00,0.000000000000000000e+00,0.000000000000000000e+00,0.000000000000000000e+00,0.000000000000000000e+00,0.000000000000000000e+00,0.000000000000000000e+00,0.000000000000000000e+00,0.000000000000000000e+00,0.000000000000000000e+00,0.000000000000000000e+00,0.000000000000000000e+00,0.000000000000000000e+00,0.000000000000000000e+00,0.000000000000000000e+00,0.000000000000000000e+00,0.000000000000000000e+00,0.000000000000000000e+00,0.000000000000000000e+00,0.000000000000000000e+00,0.000000000000000000e+00,0.000000000000000000e+00,0.000000000000000000e+00,0.000000000000000000e+00,0.000000000000000000e+00,0.000000000000000000e+00,0.000000000000000000e+00,0.000000000000000000e+00,0.000000000000000000e+00,0.000000000000000000e+00,0.000000000000000000e+00,0.000000000000000000e+00,0.000000000000000000e+00,0.000000000000000000e+00,0.000000000000000000e+00,0.000000000000000000e+00,0.000000000000000000e+00,0.000000000000000000e+00,0.000000000000000000e+00,0.000000000000000000e+00,0.000000000000000000e+00,0.000000000000000000e+00,0.000000000000000000e+00,0.000000000000000000e+00,0.000000000000000000e+00,0.000000000000000000e+00,0.000000000000000000e+00,0.000000000000000000e+00,0.000000000000000000e+00,0.000000000000000000e+00,0.000000000000000000e+00,0.000000000000000000e+00,0.000000000000000000e+00,0.000000000000000000e+00,0.000000000000000000e+00,0.000000000000000000e+00,0.000000000000000000e+00,0.000000000000000000e+00,0.000000000000000000e+00,0.000000000000000000e+00,0.000000000000000000e+00,0.000000000000000000e+00,0.000000000000000000e+00,0.000000000000000000e+00,0.000000000000000000e+00,0.000000000000000000e+00,0.000000000000000000e+00,0.000000000000000000e+00,0.000000000000000000e+00,0.000000000000000000e+00,0.000000000000000000e+00,0.000000000000000000e+00,0.000000000000000000e+00,0.000000000000000000e+00,0.000000000000000000e+00,0.000000000000000000e+00,0.000000000000000000e+00,0.000000000000000000e+00,0.000000000000000000e+00,0.000000000000000000e+00,0.000000000000000000e+00,0.000000000000000000e+00,0.000000000000000000e+00,0.000000000000000000e+00,0.000000000000000000e+00,0.000000000000000000e+00,0.000000000000000000e+00,0.000000000000000000e+00,0.000000000000000000e+00,0.000000000000000000e+00,0.000000000000000000e+00,0.000000000000000000e+00,0.000000000000000000e+00,0.000000000000000000e+00,0.000000000000000000e+00,0.000000000000000000e+00,0.000000000000000000e+00,0.000000000000000000e+00,0.000000000000000000e+00,0.000000000000000000e+00,0.000000000000000000e+00,0.000000000000000000e+00,0.000000000000000000e+00,0.000000000000000000e+00,0.000000000000000000e+00,0.000000000000000000e+00,0.000000000000000000e+00,0.000000000000000000e+00,0.000000000000000000e+00,0.000000000000000000e+00,0.000000000000000000e+00,0.000000000000000000e+00,0.000000000000000000e+00,0.000000000000000000e+00,0.000000000000000000e+00,0.000000000000000000e+00,0.000000000000000000e+00,0.000000000000000000e+00,0.000000000000000000e+00,0.000000000000000000e+00,0.000000000000000000e+00,0.000000000000000000e+00,0.000000000000000000e+00,0.000000000000000000e+00,0.000000000000000000e+00,0.000000000000000000e+00,0.000000000000000000e+00,0.000000000000000000e+00,0.000000000000000000e+00,0.000000000000000000e+00,0.000000000000000000e+00,0.000000000000000000e+00,0.000000000000000000e+00,0.000000000000000000e+00,0.000000000000000000e+00,0.000000000000000000e+00,0.000000000000000000e+00,0.000000000000000000e+00,0.000000000000000000e+00,0.000000000000000000e+00,0.000000000000000000e+00,0.000000000000000000e+00,0.000000000000000000e+00,0.000000000000000000e+00,0.000000000000000000e+00,0.000000000000000000e+00,0.000000000000000000e+00,0.000000000000000000e+00,0.000000000000000000e+00,0.000000000000000000e+00,0.000000000000000000e+00,0.000000000000000000e+00,0.000000000000000000e+00,0.000000000000000000e+00,0.000000000000000000e+00,0.000000000000000000e+00,0.000000000000000000e+00,0.000000000000000000e+00,0.000000000000000000e+00,0.000000000000000000e+00,0.000000000000000000e+00,0.000000000000000000e+00,0.000000000000000000e+00,0.000000000000000000e+00,0.000000000000000000e+00,0.000000000000000000e+00,0.000000000000000000e+00,0.000000000000000000e+00,0.000000000000000000e+00,0.000000000000000000e+00,0.000000000000000000e+00,0.000000000000000000e+00,0.000000000000000000e+00,0.000000000000000000e+00,0.000000000000000000e+00,0.000000000000000000e+00,0.000000000000000000e+00,0.000000000000000000e+00,0.000000000000000000e+00,0.000000000000000000e+00,0.000000000000000000e+00,0.000000000000000000e+00,0.000000000000000000e+00,0.000000000000000000e+00,0.000000000000000000e+00,0.000000000000000000e+00,0.000000000000000000e+00,0.000000000000000000e+00,0.000000000000000000e+00,0.000000000000000000e+00,0.000000000000000000e+00,0.000000000000000000e+00,0.000000000000000000e+00,0.000000000000000000e+00,0.000000000000000000e+00,1.000000000000000000e+00,0.000000000000000000e+00,0.000000000000000000e+00,0.000000000000000000e+00,0.000000000000000000e+00,0.000000000000000000e+00,0.000000000000000000e+00,0.000000000000000000e+00,0.000000000000000000e+00,0.000000000000000000e+00,0.000000000000000000e+00,0.000000000000000000e+00,0.000000000000000000e+00,0.000000000000000000e+00,0.000000000000000000e+00,0.000000000000000000e+00,0.000000000000000000e+00,0.000000000000000000e+00,0.000000000000000000e+00,0.000000000000000000e+00,0.000000000000000000e+00,0.000000000000000000e+00,0.000000000000000000e+00,0.000000000000000000e+00,0.000000000000000000e+00,0.000000000000000000e+00,0.000000000000000000e+00,0.000000000000000000e+00,0.000000000000000000e+00,0.000000000000000000e+00,0.000000000000000000e+00,0.000000000000000000e+00,0.000000000000000000e+00,0.000000000000000000e+00,0.000000000000000000e+00,0.000000000000000000e+00,0.000000000000000000e+00,0.000000000000000000e+00,0.000000000000000000e+00,0.000000000000000000e+00,0.000000000000000000e+00,0.000000000000000000e+00,0.000000000000000000e+00,0.000000000000000000e+00,0.000000000000000000e+00,0.000000000000000000e+00,0.000000000000000000e+00,0.000000000000000000e+00,0.000000000000000000e+00,0.000000000000000000e+00,0.000000000000000000e+00,1.000000000000000000e+00,0.000000000000000000e+00,0.000000000000000000e+00,0.000000000000000000e+00,0.000000000000000000e+00,0.000000000000000000e+00,0.000000000000000000e+00,0.000000000000000000e+00,0.000000000000000000e+00,0.000000000000000000e+00,0.000000000000000000e+00,0.000000000000000000e+00,0.000000000000000000e+00,0.000000000000000000e+00,0.000000000000000000e+00,0.000000000000000000e+00,0.000000000000000000e+00,0.000000000000000000e+00,0.000000000000000000e+00,0.000000000000000000e+00,0.000000000000000000e+00,0.000000000000000000e+00,0.000000000000000000e+00,0.000000000000000000e+00,0.000000000000000000e+00,0.000000000000000000e+00,0.000000000000000000e+00,0.000000000000000000e+00,0.000000000000000000e+00,0.000000000000000000e+00,0.000000000000000000e+00,0.000000000000000000e+00,0.000000000000000000e+00,0.000000000000000000e+00,0.000000000000000000e+00,0.000000000000000000e+00,0.000000000000000000e+00,0.000000000000000000e+00,0.000000000000000000e+00,0.000000000000000000e+00,0.000000000000000000e+00,0.000000000000000000e+00,0.000000000000000000e+00,0.000000000000000000e+00,0.000000000000000000e+00,0.000000000000000000e+00,0.000000000000000000e+00,0.000000000000000000e+00,0.000000000000000000e+00,0.000000000000000000e+00,0.000000000000000000e+00,0.000000000000000000e+00,0.000000000000000000e+00,0.000000000000000000e+00,0.000000000000000000e+00,0.000000000000000000e+00,0.000000000000000000e+00,0.000000000000000000e+00,0.000000000000000000e+00,0.000000000000000000e+00,0.000000000000000000e+00,0.000000000000000000e+00,0.000000000000000000e+00,0.000000000000000000e+00,0.000000000000000000e+00,0.000000000000000000e+00,0.000000000000000000e+00,0.000000000000000000e+00,0.000000000000000000e+00,0.000000000000000000e+00,0.000000000000000000e+00,0.000000000000000000e+00,0.000000000000000000e+00,0.000000000000000000e+00,0.000000000000000000e+00,0.000000000000000000e+00,0.000000000000000000e+00,0.000000000000000000e+00,0.000000000000000000e+00,0.000000000000000000e+00,0.000000000000000000e+00,0.000000000000000000e+00,1.000000000000000000e+00,0.000000000000000000e+00,0.000000000000000000e+00,0.000000000000000000e+00,0.000000000000000000e+00,0.000000000000000000e+00,0.000000000000000000e+00,0.000000000000000000e+00,0.000000000000000000e+00,0.000000000000000000e+00,0.000000000000000000e+00,0.000000000000000000e+00,0.000000000000000000e+00,0.000000000000000000e+00,0.000000000000000000e+00,0.000000000000000000e+00,0.000000000000000000e+00,0.000000000000000000e+00,0.000000000000000000e+00,0.000000000000000000e+00,0.000000000000000000e+00,0.000000000000000000e+00,0.000000000000000000e+00,0.000000000000000000e+00,0.000000000000000000e+00,0.000000000000000000e+00,0.000000000000000000e+00,0.000000000000000000e+00,0.000000000000000000e+00,0.000000000000000000e+00,0.000000000000000000e+00,0.000000000000000000e+00,0.000000000000000000e+00,0.000000000000000000e+00,0.000000000000000000e+00,0.000000000000000000e+00,0.000000000000000000e+00,0.000000000000000000e+00,0.000000000000000000e+00,0.000000000000000000e+00,0.000000000000000000e+00,0.000000000000000000e+00,0.000000000000000000e+00,0.000000000000000000e+00,0.000000000000000000e+00,0.000000000000000000e+00,0.000000000000000000e+00,0.000000000000000000e+00,0.000000000000000000e+00,0.000000000000000000e+00,0.000000000000000000e+00,0.000000000000000000e+00,0.000000000000000000e+00,0.000000000000000000e+00,0.000000000000000000e+00,0.000000000000000000e+00,0.000000000000000000e+00,0.000000000000000000e+00,0.000000000000000000e+00,0.000000000000000000e+00,0.000000000000000000e+00,0.000000000000000000e+00,0.000000000000000000e+00,0.000000000000000000e+00,0.000000000000000000e+00,0.000000000000000000e+00,0.000000000000000000e+00,0.000000000000000000e+00,0.000000000000000000e+00,0.000000000000000000e+00,0.000000000000000000e+00,0.000000000000000000e+00,0.000000000000000000e+00,0.000000000000000000e+00,0.000000000000000000e+00,0.000000000000000000e+00,0.000000000000000000e+00,0.000000000000000000e+00,0.000000000000000000e+00,0.000000000000000000e+00,0.000000000000000000e+00,0.000000000000000000e+00,0.000000000000000000e+00,0.000000000000000000e+00,0.000000000000000000e+00,0.000000000000000000e+00,0.000000000000000000e+00,0.000000000000000000e+00,0.000000000000000000e+00,0.000000000000000000e+00,0.000000000000000000e+00,0.000000000000000000e+00,0.000000000000000000e+00,0.000000000000000000e+00,0.000000000000000000e+00,0.000000000000000000e+00,0.000000000000000000e+00,0.000000000000000000e+00,0.000000000000000000e+00,0.000000000000000000e+00,0.000000000000000000e+00,0.000000000000000000e+00,0.000000000000000000e+00,0.000000000000000000e+00,0.000000000000000000e+00,0.000000000000000000e+00,0.000000000000000000e+00,0.000000000000000000e+00,0.000000000000000000e+00,0.000000000000000000e+00,0.000000000000000000e+00,0.000000000000000000e+00,0.000000000000000000e+00,0.000000000000000000e+00,0.000000000000000000e+00,0.000000000000000000e+00,0.000000000000000000e+00,0.000000000000000000e+00,0.000000000000000000e+00,0.000000000000000000e+00,0.000000000000000000e+00,0.000000000000000000e+00,0.000000000000000000e+00,0.000000000000000000e+00,0.000000000000000000e+00,0.000000000000000000e+00,0.000000000000000000e+00,0.000000000000000000e+00,0.000000000000000000e+00,0.000000000000000000e+00,0.000000000000000000e+00,0.000000000000000000e+00,0.000000000000000000e+00,0.000000000000000000e+00,0.000000000000000000e+00,0.000000000000000000e+00,0.000000000000000000e+00,0.000000000000000000e+00,0.000000000000000000e+00,0.000000000000000000e+00,0.000000000000000000e+00,0.000000000000000000e+00,0.000000000000000000e+00,0.000000000000000000e+00,0.000000000000000000e+00,0.000000000000000000e+00,0.000000000000000000e+00,0.000000000000000000e+00,0.000000000000000000e+00,0.000000000000000000e+00,0.000000000000000000e+00,0.000000000000000000e+00,0.000000000000000000e+00,0.000000000000000000e+00,0.000000000000000000e+00,0.000000000000000000e+00,0.000000000000000000e+00,0.000000000000000000e+00,0.000000000000000000e+00,0.000000000000000000e+00,0.000000000000000000e+00,0.000000000000000000e+00,0.000000000000000000e+00,0.000000000000000000e+00,0.000000000000000000e+00,0.000000000000000000e+00,0.000000000000000000e+00,0.000000000000000000e+00,0.000000000000000000e+00,0.000000000000000000e+00,0.000000000000000000e+00,0.000000000000000000e+00,0.000000000000000000e+00,0.000000000000000000e+00,0.000000000000000000e+00,0.000000000000000000e+00,0.000000000000000000e+00,0.000000000000000000e+00,0.000000000000000000e+00,0.000000000000000000e+00,0.000000000000000000e+00,0.000000000000000000e+00,0.000000000000000000e+00,0.000000000000000000e+00,0.000000000000000000e+00,0.000000000000000000e+00,0.000000000000000000e+00,0.000000000000000000e+00,0.000000000000000000e+00,0.000000000000000000e+00,0.000000000000000000e+00,0.000000000000000000e+00,0.000000000000000000e+00,0.000000000000000000e+00,0.000000000000000000e+00,0.000000000000000000e+00,0.000000000000000000e+00,0.000000000000000000e+00,0.000000000000000000e+00,0.000000000000000000e+00,0.000000000000000000e+00,0.000000000000000000e+00,0.000000000000000000e+00,0.000000000000000000e+00,0.000000000000000000e+00,0.000000000000000000e+00,0.000000000000000000e+00,0.000000000000000000e+00,0.000000000000000000e+00,0.000000000000000000e+00,0.000000000000000000e+00,0.000000000000000000e+00,0.000000000000000000e+00,0.000000000000000000e+00,0.000000000000000000e+00,0.000000000000000000e+00,0.000000000000000000e+00,0.000000000000000000e+00,0.000000000000000000e+00,0.000000000000000000e+00,0.000000000000000000e+00,0.000000000000000000e+00,0.000000000000000000e+00,0.000000000000000000e+00,0.000000000000000000e+00,0.000000000000000000e+00,0.000000000000000000e+00,0.000000000000000000e+00,0.000000000000000000e+00,0.000000000000000000e+00,0.000000000000000000e+00,0.000000000000000000e+00,0.000000000000000000e+00,0.000000000000000000e+00,1.000000000000000000e+00,0.000000000000000000e+00,0.000000000000000000e+00,0.000000000000000000e+00,0.000000000000000000e+00,0.000000000000000000e+00,0.000000000000000000e+00,0.000000000000000000e+00,0.000000000000000000e+00,0.000000000000000000e+00,0.000000000000000000e+00,0.000000000000000000e+00,0.000000000000000000e+00,0.000000000000000000e+00,0.000000000000000000e+00,0.000000000000000000e+00,0.000000000000000000e+00,0.000000000000000000e+00,0.000000000000000000e+00,0.000000000000000000e+00,0.000000000000000000e+00,0.000000000000000000e+00,0.000000000000000000e+00,0.000000000000000000e+00,0.000000000000000000e+00,0.000000000000000000e+00,0.000000000000000000e+00,0.000000000000000000e+00,0.000000000000000000e+00,0.000000000000000000e+00,0.000000000000000000e+00,0.000000000000000000e+00,0.000000000000000000e+00,0.000000000000000000e+00,0.000000000000000000e+00,0.000000000000000000e+00,0.000000000000000000e+00,0.000000000000000000e+00,0.000000000000000000e+00,0.000000000000000000e+00,0.000000000000000000e+00,0.000000000000000000e+00,0.000000000000000000e+00,0.000000000000000000e+00,0.000000000000000000e+00,0.000000000000000000e+00,0.000000000000000000e+00,0.000000000000000000e+00,0.000000000000000000e+00,0.000000000000000000e+00,0.000000000000000000e+00,0.000000000000000000e+00,0.000000000000000000e+00,0.000000000000000000e+00,0.000000000000000000e+00,0.000000000000000000e+00,0.000000000000000000e+00,0.000000000000000000e+00,0.000000000000000000e+00,0.000000000000000000e+00,0.000000000000000000e+00,0.000000000000000000e+00,0.000000000000000000e+00,0.000000000000000000e+00,0.000000000000000000e+00,0.000000000000000000e+00,0.000000000000000000e+00,0.000000000000000000e+00,0.000000000000000000e+00,0.000000000000000000e+00,0.000000000000000000e+00,0.000000000000000000e+00,0.000000000000000000e+00,0.000000000000000000e+00,0.000000000000000000e+00,0.000000000000000000e+00,0.000000000000000000e+00,0.000000000000000000e+00,0.000000000000000000e+00,0.000000000000000000e+00,0.000000000000000000e+00,0.000000000000000000e+00,0.000000000000000000e+00,0.000000000000000000e+00,0.000000000000000000e+00,0.000000000000000000e+00,0.000000000000000000e+00,0.000000000000000000e+00,0.000000000000000000e+00,0.000000000000000000e+00,0.000000000000000000e+00,0.000000000000000000e+00,0.000000000000000000e+00,0.000000000000000000e+00,0.000000000000000000e+00,0.000000000000000000e+00,0.000000000000000000e+00,0.000000000000000000e+00,0.000000000000000000e+00,0.000000000000000000e+00,0.000000000000000000e+00,0.000000000000000000e+00,0.000000000000000000e+00,0.000000000000000000e+00,0.000000000000000000e+00,0.000000000000000000e+00,0.000000000000000000e+00,0.000000000000000000e+00,0.000000000000000000e+00,0.000000000000000000e+00,0.000000000000000000e+00,0.000000000000000000e+00,0.000000000000000000e+00,0.000000000000000000e+00,0.000000000000000000e+00,0.000000000000000000e+00,0.000000000000000000e+00,0.000000000000000000e+00,0.000000000000000000e+00,0.000000000000000000e+00,0.000000000000000000e+00,0.000000000000000000e+00,0.000000000000000000e+00,0.000000000000000000e+00,0.000000000000000000e+00,0.000000000000000000e+00,0.000000000000000000e+00,0.000000000000000000e+00,0.000000000000000000e+00,0.000000000000000000e+00,0.000000000000000000e+00,0.000000000000000000e+00,0.000000000000000000e+00,0.000000000000000000e+00,0.000000000000000000e+00,0.000000000000000000e+00,0.000000000000000000e+00,0.000000000000000000e+00,0.000000000000000000e+00,0.000000000000000000e+00,0.000000000000000000e+00,0.000000000000000000e+00,0.000000000000000000e+00,0.000000000000000000e+00,0.000000000000000000e+00,0.000000000000000000e+00,0.000000000000000000e+00,0.000000000000000000e+00,0.000000000000000000e+00,0.000000000000000000e+00,0.000000000000000000e+00,0.000000000000000000e+00,0.000000000000000000e+00,0.000000000000000000e+00,0.000000000000000000e+00,0.000000000000000000e+00,0.000000000000000000e+00,0.000000000000000000e+00,0.000000000000000000e+00,0.000000000000000000e+00,0.000000000000000000e+00,0.000000000000000000e+00,0.000000000000000000e+00,0.000000000000000000e+00,0.000000000000000000e+00,0.000000000000000000e+00,0.000000000000000000e+00,0.000000000000000000e+00,0.000000000000000000e+00,0.000000000000000000e+00,0.000000000000000000e+00,0.000000000000000000e+00,0.000000000000000000e+00,0.000000000000000000e+00,0.000000000000000000e+00,0.000000000000000000e+00,0.000000000000000000e+00,0.000000000000000000e+00,0.000000000000000000e+00,0.000000000000000000e+00,0.000000000000000000e+00,0.000000000000000000e+00,0.000000000000000000e+00,0.000000000000000000e+00,0.000000000000000000e+00,0.000000000000000000e+00,0.000000000000000000e+00,0.000000000000000000e+00,0.000000000000000000e+00,0.000000000000000000e+00,0.000000000000000000e+00,0.000000000000000000e+00,0.000000000000000000e+00,0.000000000000000000e+00,0.000000000000000000e+00,0.000000000000000000e+00,0.000000000000000000e+00,0.000000000000000000e+00,0.000000000000000000e+00,0.000000000000000000e+00,0.000000000000000000e+00,0.000000000000000000e+00,0.000000000000000000e+00,0.000000000000000000e+00,0.000000000000000000e+00,0.000000000000000000e+00,0.000000000000000000e+00,0.000000000000000000e+00,0.000000000000000000e+00,0.000000000000000000e+00,0.000000000000000000e+00,0.000000000000000000e+00,0.000000000000000000e+00,0.000000000000000000e+00,0.000000000000000000e+00,0.000000000000000000e+00,0.000000000000000000e+00,0.000000000000000000e+00,0.000000000000000000e+00,0.000000000000000000e+00,0.000000000000000000e+00,0.000000000000000000e+00,0.000000000000000000e+00,0.000000000000000000e+00,0.000000000000000000e+00,0.000000000000000000e+00,0.000000000000000000e+00,0.000000000000000000e+00,0.000000000000000000e+00,0.000000000000000000e+00,0.000000000000000000e+00,0.000000000000000000e+00,0.000000000000000000e+00,0.000000000000000000e+00,0.000000000000000000e+00,0.000000000000000000e+00,0.000000000000000000e+00,0.000000000000000000e+00,0.000000000000000000e+00,0.000000000000000000e+00,0.000000000000000000e+00,0.000000000000000000e+00,0.000000000000000000e+00,0.000000000000000000e+00,0.000000000000000000e+00,0.000000000000000000e+00,0.000000000000000000e+00,0.000000000000000000e+00,0.000000000000000000e+00,0.000000000000000000e+00,0.000000000000000000e+00,0.000000000000000000e+00,0.000000000000000000e+00,0.000000000000000000e+00,0.000000000000000000e+00,0.000000000000000000e+00,0.000000000000000000e+00,0.000000000000000000e+00,0.000000000000000000e+00,0.000000000000000000e+00,0.000000000000000000e+00,0.000000000000000000e+00,0.000000000000000000e+00,1.000000000000000000e+00,0.000000000000000000e+00,0.000000000000000000e+00,0.000000000000000000e+00,0.000000000000000000e+00,0.000000000000000000e+00,0.000000000000000000e+00,0.000000000000000000e+00,0.000000000000000000e+00,0.000000000000000000e+00,0.000000000000000000e+00,0.000000000000000000e+00,0.000000000000000000e+00,0.000000000000000000e+00,0.000000000000000000e+00,0.000000000000000000e+00,0.000000000000000000e+00,0.000000000000000000e+00,0.000000000000000000e+00,0.000000000000000000e+00,0.000000000000000000e+00,0.000000000000000000e+00,0.000000000000000000e+00,0.000000000000000000e+00,0.000000000000000000e+00,0.000000000000000000e+00,0.000000000000000000e+00,0.000000000000000000e+00,0.000000000000000000e+00,0.000000000000000000e+00,0.000000000000000000e+00,0.000000000000000000e+00,0.000000000000000000e+00,0.000000000000000000e+00,0.000000000000000000e+00,0.000000000000000000e+00,0.000000000000000000e+00,0.000000000000000000e+00,0.000000000000000000e+00,0.000000000000000000e+00,0.000000000000000000e+00,0.000000000000000000e+00,0.000000000000000000e+00,0.000000000000000000e+00,0.000000000000000000e+00,0.000000000000000000e+00,0.000000000000000000e+00,0.000000000000000000e+00,0.000000000000000000e+00,0.000000000000000000e+00,0.000000000000000000e+00,0.000000000000000000e+00,0.000000000000000000e+00,0.000000000000000000e+00,0.000000000000000000e+00,0.000000000000000000e+00,0.000000000000000000e+00,0.000000000000000000e+00,0.000000000000000000e+00,0.000000000000000000e+00,0.000000000000000000e+00,0.000000000000000000e+00,0.000000000000000000e+00,0.000000000000000000e+00,0.000000000000000000e+00,0.000000000000000000e+00,0.000000000000000000e+00,0.000000000000000000e+00,0.000000000000000000e+00,0.000000000000000000e+00,0.000000000000000000e+00,0.000000000000000000e+00,0.000000000000000000e+00,0.000000000000000000e+00,0.000000000000000000e+00,0.000000000000000000e+00,0.000000000000000000e+00,0.000000000000000000e+00,0.000000000000000000e+00,0.000000000000000000e+00,0.000000000000000000e+00,0.000000000000000000e+00,0.000000000000000000e+00,0.000000000000000000e+00,0.000000000000000000e+00,0.000000000000000000e+00,0.000000000000000000e+00,0.000000000000000000e+00,0.000000000000000000e+00,0.000000000000000000e+00,0.000000000000000000e+00,0.000000000000000000e+00,0.000000000000000000e+00,0.000000000000000000e+00,0.000000000000000000e+00,0.000000000000000000e+00,0.000000000000000000e+00,0.000000000000000000e+00,0.000000000000000000e+00,0.000000000000000000e+00,0.000000000000000000e+00,0.000000000000000000e+00,0.000000000000000000e+00,0.000000000000000000e+00,0.000000000000000000e+00,0.000000000000000000e+00,0.000000000000000000e+00,0.000000000000000000e+00,0.000000000000000000e+00,0.000000000000000000e+00,0.000000000000000000e+00,0.000000000000000000e+00,0.000000000000000000e+00,0.000000000000000000e+00,0.000000000000000000e+00,0.000000000000000000e+00,0.000000000000000000e+00,0.000000000000000000e+00,0.000000000000000000e+00,0.000000000000000000e+00,0.000000000000000000e+00,0.000000000000000000e+00,0.000000000000000000e+00,0.000000000000000000e+00,0.000000000000000000e+00,0.000000000000000000e+00,0.000000000000000000e+00,0.000000000000000000e+00,0.000000000000000000e+00,0.000000000000000000e+00,0.000000000000000000e+00,0.000000000000000000e+00,0.000000000000000000e+00,0.000000000000000000e+00,0.000000000000000000e+00,0.000000000000000000e+00,0.000000000000000000e+00,0.000000000000000000e+00,0.000000000000000000e+00,0.000000000000000000e+00,0.000000000000000000e+00,0.000000000000000000e+00,0.000000000000000000e+00,0.000000000000000000e+00,0.000000000000000000e+00,0.000000000000000000e+00,0.000000000000000000e+00,0.000000000000000000e+00,0.000000000000000000e+00,0.000000000000000000e+00,0.000000000000000000e+00,0.000000000000000000e+00,0.000000000000000000e+00,0.000000000000000000e+00,0.000000000000000000e+00,0.000000000000000000e+00,0.000000000000000000e+00,0.000000000000000000e+00,0.000000000000000000e+00,0.000000000000000000e+00,0.000000000000000000e+00,0.000000000000000000e+00,0.000000000000000000e+00,0.000000000000000000e+00,0.000000000000000000e+00,0.000000000000000000e+00,0.000000000000000000e+00,0.000000000000000000e+00,0.000000000000000000e+00,0.000000000000000000e+00,0.000000000000000000e+00,0.000000000000000000e+00,0.000000000000000000e+00,0.000000000000000000e+00,0.000000000000000000e+00,0.000000000000000000e+00,0.000000000000000000e+00,0.000000000000000000e+00,0.000000000000000000e+00,0.000000000000000000e+00,0.000000000000000000e+00,0.000000000000000000e+00,0.000000000000000000e+00,0.000000000000000000e+00,0.000000000000000000e+00,0.000000000000000000e+00,0.000000000000000000e+00,0.000000000000000000e+00,0.000000000000000000e+00,0.000000000000000000e+00,0.000000000000000000e+00,0.000000000000000000e+00,0.000000000000000000e+00,0.000000000000000000e+00,0.000000000000000000e+00,0.000000000000000000e+00,0.000000000000000000e+00,0.000000000000000000e+00,0.000000000000000000e+00,0.000000000000000000e+00,0.000000000000000000e+00,0.000000000000000000e+00,0.000000000000000000e+00,0.000000000000000000e+00,0.000000000000000000e+00,0.000000000000000000e+00,0.000000000000000000e+00,0.000000000000000000e+00,0.000000000000000000e+00,0.000000000000000000e+00,1.000000000000000000e+00,0.000000000000000000e+00,0.000000000000000000e+00,0.000000000000000000e+00,0.000000000000000000e+00,0.000000000000000000e+00,0.000000000000000000e+00,0.000000000000000000e+00,0.000000000000000000e+00,0.000000000000000000e+00,0.000000000000000000e+00,0.000000000000000000e+00,0.000000000000000000e+00,0.000000000000000000e+00,0.000000000000000000e+00,0.000000000000000000e+00,0.000000000000000000e+00,0.000000000000000000e+00,0.000000000000000000e+00,0.000000000000000000e+00,0.000000000000000000e+00,0.000000000000000000e+00,0.000000000000000000e+00,0.000000000000000000e+00,0.000000000000000000e+00,0.000000000000000000e+00,0.000000000000000000e+00,0.000000000000000000e+00,0.000000000000000000e+00,0.000000000000000000e+00,0.000000000000000000e+00,0.000000000000000000e+00,0.000000000000000000e+00,0.000000000000000000e+00,0.000000000000000000e+00,0.000000000000000000e+00,0.000000000000000000e+00,0.000000000000000000e+00,0.000000000000000000e+00,0.000000000000000000e+00,0.000000000000000000e+00,0.000000000000000000e+00,0.000000000000000000e+00,0.000000000000000000e+00,0.000000000000000000e+00,0.000000000000000000e+00,0.000000000000000000e+00,0.000000000000000000e+00,0.000000000000000000e+00,0.000000000000000000e+00,0.000000000000000000e+00,0.000000000000000000e+00,0.000000000000000000e+00,0.000000000000000000e+00,0.000000000000000000e+00,0.000000000000000000e+00,0.000000000000000000e+00,0.000000000000000000e+00,0.000000000000000000e+00,0.000000000000000000e+00,0.000000000000000000e+00,0.000000000000000000e+00,0.000000000000000000e+00,0.000000000000000000e+00,0.000000000000000000e+00,0.000000000000000000e+00,0.000000000000000000e+00,0.000000000000000000e+00,0.000000000000000000e+00,0.000000000000000000e+00,0.000000000000000000e+00,0.000000000000000000e+00,0.000000000000000000e+00,0.000000000000000000e+00,0.000000000000000000e+00,0.000000000000000000e+00,0.000000000000000000e+00,0.000000000000000000e+00,0.000000000000000000e+00,0.000000000000000000e+00,0.000000000000000000e+00,0.000000000000000000e+00,0.000000000000000000e+00,0.000000000000000000e+00,0.000000000000000000e+00,0.000000000000000000e+00,0.000000000000000000e+00,0.000000000000000000e+00,0.000000000000000000e+00,0.000000000000000000e+00,0.000000000000000000e+00,0.000000000000000000e+00,0.000000000000000000e+00,0.000000000000000000e+00,0.000000000000000000e+00,0.000000000000000000e+00,0.000000000000000000e+00,0.000000000000000000e+00,0.000000000000000000e+00,0.000000000000000000e+00,0.000000000000000000e+00,0.000000000000000000e+00,0.000000000000000000e+00,0.000000000000000000e+00,0.000000000000000000e+00,0.000000000000000000e+00,0.000000000000000000e+00,0.000000000000000000e+00,0.000000000000000000e+00,0.000000000000000000e+00,0.000000000000000000e+00,0.000000000000000000e+00,0.000000000000000000e+00,0.000000000000000000e+00,0.000000000000000000e+00,0.000000000000000000e+00,0.000000000000000000e+00,0.000000000000000000e+00,0.000000000000000000e+00,0.000000000000000000e+00,0.000000000000000000e+00,0.000000000000000000e+00,0.000000000000000000e+00,0.000000000000000000e+00,0.000000000000000000e+00,0.000000000000000000e+00,0.000000000000000000e+00,0.000000000000000000e+00,0.000000000000000000e+00,0.000000000000000000e+00,0.000000000000000000e+00,0.000000000000000000e+00,0.000000000000000000e+00,0.000000000000000000e+00,0.000000000000000000e+00,0.000000000000000000e+00,0.000000000000000000e+00,0.000000000000000000e+00,0.000000000000000000e+00,0.000000000000000000e+00,0.000000000000000000e+00,0.000000000000000000e+00,0.000000000000000000e+00,0.000000000000000000e+00,0.000000000000000000e+00,0.000000000000000000e+00,0.000000000000000000e+00,0.000000000000000000e+00,0.000000000000000000e+00,0.000000000000000000e+00,0.000000000000000000e+00,0.000000000000000000e+00,0.000000000000000000e+00,0.000000000000000000e+00,0.000000000000000000e+00,0.000000000000000000e+00,0.000000000000000000e+00,0.000000000000000000e+00,0.000000000000000000e+00,0.000000000000000000e+00,0.000000000000000000e+00,0.000000000000000000e+00,0.000000000000000000e+00,0.000000000000000000e+00,0.000000000000000000e+00,0.000000000000000000e+00,0.000000000000000000e+00,0.000000000000000000e+00,0.000000000000000000e+00,0.000000000000000000e+00,0.000000000000000000e+00,0.000000000000000000e+00,0.000000000000000000e+00,0.000000000000000000e+00,0.000000000000000000e+00,0.000000000000000000e+00,0.000000000000000000e+00,0.000000000000000000e+00,0.000000000000000000e+00,0.000000000000000000e+00,0.000000000000000000e+00,0.000000000000000000e+00,0.000000000000000000e+00,0.000000000000000000e+00,0.000000000000000000e+00,0.000000000000000000e+00,0.000000000000000000e+00,0.000000000000000000e+00,0.000000000000000000e+00,0.000000000000000000e+00,0.000000000000000000e+00,0.000000000000000000e+00,0.000000000000000000e+00,0.000000000000000000e+00,0.000000000000000000e+00,0.000000000000000000e+00,0.000000000000000000e+00,0.000000000000000000e+00,0.000000000000000000e+00,0.000000000000000000e+00,0.000000000000000000e+00,0.000000000000000000e+00,0.000000000000000000e+00,0.000000000000000000e+00,0.000000000000000000e+00,0.000000000000000000e+00,0.000000000000000000e+00,0.000000000000000000e+00,0.000000000000000000e+00,0.000000000000000000e+00,0.000000000000000000e+00,0.000000000000000000e+00,0.000000000000000000e+00,0.000000000000000000e+00,0.000000000000000000e+00,0.000000000000000000e+00,0.000000000000000000e+00,0.000000000000000000e+00,0.000000000000000000e+00,0.000000000000000000e+00,0.000000000000000000e+00,0.000000000000000000e+00,0.000000000000000000e+00,0.000000000000000000e+00,0.000000000000000000e+00,0.000000000000000000e+00,0.000000000000000000e+00,0.000000000000000000e+00,0.000000000000000000e+00,0.000000000000000000e+00,0.000000000000000000e+00,0.000000000000000000e+00,0.000000000000000000e+00,0.000000000000000000e+00,0.000000000000000000e+00,0.000000000000000000e+00,0.000000000000000000e+00,0.000000000000000000e+00,0.000000000000000000e+00,0.000000000000000000e+00,0.000000000000000000e+00,0.000000000000000000e+00,0.000000000000000000e+00,0.000000000000000000e+00,0.000000000000000000e+00,0.000000000000000000e+00,0.000000000000000000e+00,0.000000000000000000e+00,0.000000000000000000e+00,0.000000000000000000e+00,0.000000000000000000e+00,0.000000000000000000e+00,0.000000000000000000e+00,0.000000000000000000e+00,0.000000000000000000e+00,0.000000000000000000e+00,0.000000000000000000e+00,0.000000000000000000e+00,0.000000000000000000e+00,0.000000000000000000e+00,0.000000000000000000e+00,0.000000000000000000e+00,0.000000000000000000e+00,0.000000000000000000e+00,0.000000000000000000e+00,0.000000000000000000e+00,0.000000000000000000e+00,0.000000000000000000e+00,0.000000000000000000e+00,0.000000000000000000e+00,0.000000000000000000e+00,0.000000000000000000e+00,0.000000000000000000e+00,0.000000000000000000e+00,0.000000000000000000e+00,0.000000000000000000e+00,0.000000000000000000e+00,0.000000000000000000e+00,0.000000000000000000e+00,0.000000000000000000e+00,0.000000000000000000e+00,0.000000000000000000e+00,0.000000000000000000e+00,0.000000000000000000e+00,0.000000000000000000e+00,0.000000000000000000e+00,0.000000000000000000e+00,0.000000000000000000e+00,0.000000000000000000e+00,0.000000000000000000e+00,0.000000000000000000e+00,0.000000000000000000e+00,0.000000000000000000e+00,0.000000000000000000e+00,0.000000000000000000e+00,0.000000000000000000e+00,0.000000000000000000e+00,0.000000000000000000e+00,0.000000000000000000e+00,0.000000000000000000e+00,0.000000000000000000e+00,0.000000000000000000e+00,0.000000000000000000e+00,0.000000000000000000e+00,0.000000000000000000e+00,0.000000000000000000e+00,0.000000000000000000e+00,0.000000000000000000e+00,0.000000000000000000e+00,0.000000000000000000e+00,0.000000000000000000e+00,0.000000000000000000e+00,0.000000000000000000e+00,0.000000000000000000e+00,0.000000000000000000e+00,0.000000000000000000e+00,0.000000000000000000e+00,0.000000000000000000e+00,0.000000000000000000e+00,0.000000000000000000e+00,0.000000000000000000e+00,0.000000000000000000e+00,0.000000000000000000e+00,0.000000000000000000e+00,0.000000000000000000e+00,0.000000000000000000e+00,0.000000000000000000e+00,0.000000000000000000e+00,0.000000000000000000e+00,0.000000000000000000e+00,0.000000000000000000e+00,0.000000000000000000e+00,0.000000000000000000e+00,0.000000000000000000e+00,0.000000000000000000e+00,0.000000000000000000e+00,0.000000000000000000e+00,0.000000000000000000e+00,0.000000000000000000e+00,0.000000000000000000e+00,0.000000000000000000e+00,0.000000000000000000e+00,0.000000000000000000e+00,0.000000000000000000e+00,0.000000000000000000e+00,0.000000000000000000e+00,0.000000000000000000e+00,0.000000000000000000e+00,0.000000000000000000e+00,0.000000000000000000e+00,0.000000000000000000e+00,0.000000000000000000e+00,0.000000000000000000e+00,0.000000000000000000e+00,0.000000000000000000e+00,0.000000000000000000e+00,0.000000000000000000e+00,0.000000000000000000e+00,0.000000000000000000e+00,0.000000000000000000e+00,0.000000000000000000e+00,0.000000000000000000e+00,0.000000000000000000e+00,0.000000000000000000e+00,0.000000000000000000e+00,0.000000000000000000e+00,0.000000000000000000e+00,0.000000000000000000e+00,0.000000000000000000e+00,0.000000000000000000e+00,0.000000000000000000e+00,0.000000000000000000e+00,0.000000000000000000e+00,0.000000000000000000e+00,0.000000000000000000e+00,0.000000000000000000e+00,0.000000000000000000e+00,0.000000000000000000e+00,0.000000000000000000e+00,0.000000000000000000e+00,0.000000000000000000e+00,0.000000000000000000e+00,0.000000000000000000e+00,0.000000000000000000e+00,0.000000000000000000e+00,0.000000000000000000e+00,0.000000000000000000e+00,0.000000000000000000e+00,0.000000000000000000e+00,0.000000000000000000e+00,0.000000000000000000e+00,0.000000000000000000e+00,0.000000000000000000e+00,0.000000000000000000e+00,0.000000000000000000e+00,0.000000000000000000e+00,0.000000000000000000e+00,0.000000000000000000e+00,0.000000000000000000e+00,0.000000000000000000e+00,0.000000000000000000e+00,0.000000000000000000e+00,0.000000000000000000e+00,0.000000000000000000e+00,0.000000000000000000e+00,0.000000000000000000e+00,0.000000000000000000e+00,0.000000000000000000e+00,0.000000000000000000e+00,0.000000000000000000e+00,0.000000000000000000e+00,0.000000000000000000e+00,0.000000000000000000e+00,0.000000000000000000e+00,0.000000000000000000e+00,0.000000000000000000e+00,0.000000000000000000e+00,0.000000000000000000e+00,0.000000000000000000e+00,0.000000000000000000e+00,0.000000000000000000e+00,0.000000000000000000e+00,0.000000000000000000e+00,0.000000000000000000e+00,0.000000000000000000e+00,0.000000000000000000e+00,0.000000000000000000e+00,0.000000000000000000e+00,0.000000000000000000e+00,0.000000000000000000e+00,0.000000000000000000e+00,0.000000000000000000e+00,0.000000000000000000e+00,0.000000000000000000e+00,0.000000000000000000e+00,0.000000000000000000e+00,0.000000000000000000e+00,0.000000000000000000e+00,0.000000000000000000e+00,0.000000000000000000e+00,0.000000000000000000e+00,0.000000000000000000e+00,0.000000000000000000e+00,0.000000000000000000e+00,0.000000000000000000e+00,0.000000000000000000e+00,0.000000000000000000e+00,0.000000000000000000e+00,0.000000000000000000e+00,0.000000000000000000e+00,0.000000000000000000e+00,1.000000000000000000e+00,0.000000000000000000e+00,0.000000000000000000e+00,0.000000000000000000e+00,0.000000000000000000e+00,0.000000000000000000e+00,0.000000000000000000e+00,0.000000000000000000e+00,0.000000000000000000e+00,0.000000000000000000e+00,0.000000000000000000e+00,0.000000000000000000e+00,0.000000000000000000e+00,0.000000000000000000e+00,0.000000000000000000e+00,0.000000000000000000e+00,0.000000000000000000e+00,0.000000000000000000e+00,0.000000000000000000e+00,0.000000000000000000e+00,0.000000000000000000e+00,0.000000000000000000e+00,0.000000000000000000e+00,0.000000000000000000e+00,0.000000000000000000e+00,0.000000000000000000e+00,0.000000000000000000e+00,0.000000000000000000e+00,0.000000000000000000e+00,0.000000000000000000e+00,0.000000000000000000e+00,0.000000000000000000e+00,0.000000000000000000e+00,0.000000000000000000e+00,0.000000000000000000e+00,0.000000000000000000e+00,0.000000000000000000e+00,0.000000000000000000e+00,0.000000000000000000e+00,0.000000000000000000e+00,0.000000000000000000e+00,0.000000000000000000e+00,0.000000000000000000e+00,0.000000000000000000e+00,0.000000000000000000e+00,0.000000000000000000e+00,0.000000000000000000e+00,0.000000000000000000e+00,0.000000000000000000e+00,0.000000000000000000e+00,0.000000000000000000e+00,0.000000000000000000e+00,0.000000000000000000e+00,0.000000000000000000e+00,0.000000000000000000e+00,0.000000000000000000e+00,0.000000000000000000e+00,0.000000000000000000e+00,0.000000000000000000e+00,0.000000000000000000e+00,0.000000000000000000e+00,0.000000000000000000e+00,0.000000000000000000e+00,0.000000000000000000e+00,0.000000000000000000e+00,0.000000000000000000e+00,0.000000000000000000e+00,0.000000000000000000e+00,0.000000000000000000e+00,0.000000000000000000e+00,0.000000000000000000e+00,0.000000000000000000e+00,0.000000000000000000e+00,0.000000000000000000e+00,0.000000000000000000e+00,0.000000000000000000e+00,0.000000000000000000e+00,0.000000000000000000e+00,0.000000000000000000e+00,0.000000000000000000e+00,0.000000000000000000e+00,0.000000000000000000e+00,0.000000000000000000e+00,0.000000000000000000e+00,0.000000000000000000e+00,0.000000000000000000e+00,0.000000000000000000e+00,0.000000000000000000e+00,0.000000000000000000e+00,0.000000000000000000e+00,0.000000000000000000e+00,0.000000000000000000e+00,0.000000000000000000e+00,0.000000000000000000e+00,0.000000000000000000e+00,0.000000000000000000e+00,0.000000000000000000e+00,0.000000000000000000e+00,0.000000000000000000e+00,0.000000000000000000e+00,0.000000000000000000e+00,0.000000000000000000e+00,0.000000000000000000e+00,0.000000000000000000e+00,0.000000000000000000e+00,0.000000000000000000e+00,0.000000000000000000e+00,0.000000000000000000e+00,0.000000000000000000e+00,0.000000000000000000e+00,0.000000000000000000e+00,0.000000000000000000e+00,0.000000000000000000e+00,0.000000000000000000e+00,0.000000000000000000e+00,0.000000000000000000e+00,0.000000000000000000e+00,0.000000000000000000e+00,0.000000000000000000e+00,0.000000000000000000e+00,0.000000000000000000e+00,0.000000000000000000e+00,0.000000000000000000e+00,0.000000000000000000e+00,0.000000000000000000e+00,0.000000000000000000e+00,0.000000000000000000e+00,0.000000000000000000e+00,0.000000000000000000e+00,0.000000000000000000e+00,0.000000000000000000e+00,0.000000000000000000e+00,0.000000000000000000e+00,0.000000000000000000e+00,0.000000000000000000e+00,0.000000000000000000e+00,0.000000000000000000e+00,0.000000000000000000e+00,0.000000000000000000e+00,0.000000000000000000e+00,0.000000000000000000e+00,0.000000000000000000e+00,0.000000000000000000e+00,0.000000000000000000e+00,0.000000000000000000e+00,0.000000000000000000e+00,0.000000000000000000e+00,0.000000000000000000e+00,0.000000000000000000e+00,0.000000000000000000e+00,0.000000000000000000e+00,0.000000000000000000e+00,0.000000000000000000e+00,0.000000000000000000e+00,0.000000000000000000e+00,0.000000000000000000e+00,0.000000000000000000e+00,0.000000000000000000e+00,0.000000000000000000e+00,0.000000000000000000e+00,0.000000000000000000e+00,0.000000000000000000e+00,0.000000000000000000e+00,0.000000000000000000e+00,0.000000000000000000e+00,0.000000000000000000e+00,0.000000000000000000e+00,0.000000000000000000e+00,0.000000000000000000e+00,0.000000000000000000e+00,0.000000000000000000e+00,0.000000000000000000e+00,0.000000000000000000e+00,0.000000000000000000e+00,0.000000000000000000e+00,0.000000000000000000e+00,0.000000000000000000e+00,0.000000000000000000e+00,0.000000000000000000e+00,0.000000000000000000e+00,0.000000000000000000e+00,0.000000000000000000e+00,0.000000000000000000e+00,0.000000000000000000e+00,0.000000000000000000e+00,0.000000000000000000e+00,0.000000000000000000e+00,0.000000000000000000e+00,0.000000000000000000e+00,0.000000000000000000e+00,0.000000000000000000e+00,0.000000000000000000e+00,0.000000000000000000e+00,0.000000000000000000e+00,0.000000000000000000e+00,0.000000000000000000e+00,0.000000000000000000e+00,0.000000000000000000e+00,0.000000000000000000e+00,0.000000000000000000e+00,0.000000000000000000e+00,0.000000000000000000e+00,0.000000000000000000e+00,0.000000000000000000e+00,0.000000000000000000e+00,0.000000000000000000e+00,0.000000000000000000e+00,0.000000000000000000e+00,0.000000000000000000e+00,0.000000000000000000e+00,0.000000000000000000e+00,0.000000000000000000e+00,0.000000000000000000e+00,0.000000000000000000e+00,0.000000000000000000e+00,0.000000000000000000e+00,0.000000000000000000e+00,0.000000000000000000e+00,0.000000000000000000e+00,0.000000000000000000e+00,0.000000000000000000e+00,0.000000000000000000e+00,0.000000000000000000e+00,0.000000000000000000e+00,0.000000000000000000e+00,0.000000000000000000e+00,0.000000000000000000e+00,0.000000000000000000e+00,0.000000000000000000e+00,0.000000000000000000e+00,0.000000000000000000e+00,0.000000000000000000e+00,0.000000000000000000e+00,0.000000000000000000e+00,0.000000000000000000e+00,0.000000000000000000e+00,0.000000000000000000e+00,0.000000000000000000e+00,0.000000000000000000e+00,0.000000000000000000e+00,0.000000000000000000e+00,0.000000000000000000e+00,0.000000000000000000e+00,0.000000000000000000e+00,0.000000000000000000e+00,0.000000000000000000e+00,0.000000000000000000e+00,0.000000000000000000e+00,0.000000000000000000e+00,0.000000000000000000e+00,0.000000000000000000e+00,0.000000000000000000e+00,0.000000000000000000e+00,0.000000000000000000e+00,0.000000000000000000e+00,0.000000000000000000e+00,0.000000000000000000e+00,0.000000000000000000e+00,0.000000000000000000e+00,0.000000000000000000e+00,0.000000000000000000e+00,0.000000000000000000e+00,0.000000000000000000e+00,0.000000000000000000e+00,0.000000000000000000e+00,0.000000000000000000e+00,0.000000000000000000e+00,0.000000000000000000e+00,0.000000000000000000e+00,0.000000000000000000e+00,0.000000000000000000e+00,0.000000000000000000e+00,0.000000000000000000e+00,0.000000000000000000e+00,0.000000000000000000e+00,0.000000000000000000e+00,0.000000000000000000e+00,0.000000000000000000e+00,0.000000000000000000e+00,0.000000000000000000e+00,0.000000000000000000e+00,0.000000000000000000e+00,0.000000000000000000e+00,0.000000000000000000e+00,0.000000000000000000e+00,0.000000000000000000e+00,0.000000000000000000e+00,0.000000000000000000e+00,0.000000000000000000e+00,0.000000000000000000e+00,0.000000000000000000e+00,0.000000000000000000e+00,0.000000000000000000e+00,0.000000000000000000e+00,0.000000000000000000e+00,0.000000000000000000e+00,0.000000000000000000e+00,0.000000000000000000e+00,0.000000000000000000e+00,0.000000000000000000e+00,0.000000000000000000e+00,0.000000000000000000e+00,0.000000000000000000e+00,0.000000000000000000e+00,0.000000000000000000e+00,0.000000000000000000e+00,0.000000000000000000e+00,0.000000000000000000e+00,0.000000000000000000e+00,0.000000000000000000e+00,0.000000000000000000e+00,0.000000000000000000e+00,0.000000000000000000e+00,0.000000000000000000e+00,0.000000000000000000e+00,0.000000000000000000e+00,0.000000000000000000e+00,0.000000000000000000e+00,0.000000000000000000e+00,0.000000000000000000e+00,0.000000000000000000e+00,0.000000000000000000e+00,0.000000000000000000e+00,0.000000000000000000e+00,0.000000000000000000e+00,0.000000000000000000e+00,0.000000000000000000e+00,0.000000000000000000e+00,0.000000000000000000e+00,0.000000000000000000e+00,0.000000000000000000e+00,0.000000000000000000e+00,0.000000000000000000e+00,0.000000000000000000e+00,0.000000000000000000e+00,0.000000000000000000e+00,0.000000000000000000e+00,0.000000000000000000e+00,0.000000000000000000e+00,0.000000000000000000e+00,0.000000000000000000e+00,0.000000000000000000e+00,0.000000000000000000e+00,0.000000000000000000e+00,0.000000000000000000e+00,0.000000000000000000e+00,0.000000000000000000e+00,0.000000000000000000e+00,0.000000000000000000e+00,0.000000000000000000e+00,0.000000000000000000e+00,0.000000000000000000e+00,0.000000000000000000e+00,0.000000000000000000e+00,0.000000000000000000e+00,0.000000000000000000e+00,0.000000000000000000e+00,0.000000000000000000e+00,0.000000000000000000e+00,0.000000000000000000e+00,0.000000000000000000e+00,0.000000000000000000e+00,0.000000000000000000e+00,0.000000000000000000e+00,0.000000000000000000e+00,0.000000000000000000e+00,0.000000000000000000e+00,0.000000000000000000e+00,0.000000000000000000e+00,0.000000000000000000e+00,0.000000000000000000e+00,0.000000000000000000e+00,0.000000000000000000e+00,0.000000000000000000e+00,0.000000000000000000e+00,0.000000000000000000e+00,0.000000000000000000e+00,0.000000000000000000e+00,0.000000000000000000e+00,0.000000000000000000e+00,0.000000000000000000e+00,0.000000000000000000e+00,0.000000000000000000e+00,0.000000000000000000e+00,0.000000000000000000e+00,0.000000000000000000e+00,0.000000000000000000e+00,0.000000000000000000e+00,0.000000000000000000e+00,0.000000000000000000e+00,0.000000000000000000e+00,0.000000000000000000e+00,0.000000000000000000e+00,0.000000000000000000e+00,0.000000000000000000e+00,0.000000000000000000e+00,0.000000000000000000e+00,0.000000000000000000e+00,0.000000000000000000e+00,0.000000000000000000e+00,0.000000000000000000e+00,0.000000000000000000e+00,0.000000000000000000e+00,0.000000000000000000e+00,0.000000000000000000e+00,0.000000000000000000e+00,0.000000000000000000e+00,0.000000000000000000e+00,0.000000000000000000e+00,0.000000000000000000e+00,0.000000000000000000e+00,0.000000000000000000e+00,0.000000000000000000e+00,0.000000000000000000e+00,0.000000000000000000e+00,0.000000000000000000e+00,0.000000000000000000e+00,0.000000000000000000e+00,0.000000000000000000e+00,0.000000000000000000e+00,0.000000000000000000e+00,0.000000000000000000e+00,0.000000000000000000e+00,0.000000000000000000e+00,0.000000000000000000e+00,0.000000000000000000e+00,0.000000000000000000e+00,0.000000000000000000e+00,0.000000000000000000e+00,0.000000000000000000e+00,0.000000000000000000e+00,0.000000000000000000e+00,0.000000000000000000e+00,0.000000000000000000e+00,0.000000000000000000e+00,0.000000000000000000e+00,0.000000000000000000e+00,0.000000000000000000e+00,0.000000000000000000e+00,0.000000000000000000e+00,0.000000000000000000e+00,0.000000000000000000e+00,0.000000000000000000e+00,0.000000000000000000e+00,0.000000000000000000e+00,0.000000000000000000e+00,0.000000000000000000e+00,0.000000000000000000e+00,0.000000000000000000e+00,0.000000000000000000e+00,0.000000000000000000e+00,0.000000000000000000e+00,0.000000000000000000e+00,0.000000000000000000e+00,0.000000000000000000e+00,0.000000000000000000e+00,0.000000000000000000e+00,0.000000000000000000e+00,0.000000000000000000e+00,0.000000000000000000e+00,0.000000000000000000e+00,0.000000000000000000e+00,0.000000000000000000e+00,0.000000000000000000e+00,0.000000000000000000e+00,0.000000000000000000e+00,0.000000000000000000e+00,0.000000000000000000e+00,0.000000000000000000e+00,0.000000000000000000e+00,0.000000000000000000e+00,0.000000000000000000e+00,0.000000000000000000e+00,0.000000000000000000e+00,0.000000000000000000e+00,0.000000000000000000e+00,0.000000000000000000e+00,0.000000000000000000e+00,0.000000000000000000e+00,0.000000000000000000e+00,0.000000000000000000e+00,0.000000000000000000e+00,0.000000000000000000e+00,0.000000000000000000e+00,0.000000000000000000e+00,0.000000000000000000e+00,0.000000000000000000e+00,0.000000000000000000e+00,0.000000000000000000e+00,0.000000000000000000e+00,0.000000000000000000e+00,0.000000000000000000e+00,0.000000000000000000e+00,0.000000000000000000e+00,0.000000000000000000e+00,0.000000000000000000e+00,0.000000000000000000e+00,0.000000000000000000e+00,0.000000000000000000e+00,0.000000000000000000e+00,0.000000000000000000e+00,0.000000000000000000e+00,0.000000000000000000e+00,0.000000000000000000e+00,0.000000000000000000e+00,0.000000000000000000e+00,0.000000000000000000e+00,0.000000000000000000e+00,0.000000000000000000e+00,0.000000000000000000e+00,0.000000000000000000e+00,0.000000000000000000e+00,0.000000000000000000e+00,0.000000000000000000e+00,0.000000000000000000e+00,0.000000000000000000e+00,0.000000000000000000e+00,0.000000000000000000e+00,0.000000000000000000e+00,0.000000000000000000e+00,0.000000000000000000e+00,0.000000000000000000e+00,0.000000000000000000e+00,0.000000000000000000e+00,0.000000000000000000e+00,0.000000000000000000e+00,0.000000000000000000e+00,0.000000000000000000e+00,0.000000000000000000e+00,0.000000000000000000e+00,0.000000000000000000e+00,0.000000000000000000e+00,0.000000000000000000e+00,0.000000000000000000e+00,1.000000000000000000e+00
